node2,node4,node5,node3,node6
2228,2335,2250,1284,2294
2228,2384,2250,1176,2353
2228,2384,2142,1284,2353
2169,2335,2250,1284,2353
2169,2443,2142,1284,2353
2169,2443,2250,1176,2353
2228,2276,2250,1343,2294
2228,2276,2250,1284,2353
2228,2276,2191,1343,2353
2169,2335,2191,1343,2353
2228,2335,2191,1343,2294
2228,2335,2191,1284,2353
2228,2443,2250,1284,2186
2228,2443,2142,1284,2294
2228,2443,2250,1176,2294
2228,2384,2250,1284,2245
2169,2443,2083,1343,2353
2228,2384,2142,1343,2294
2228,2443,2142,1343,2188
2228,2396,2142,1343,2235
2181,2443,2142,1343,2235
2169,2384,2142,1343,2353
2169,2443,2142,1343,2294
2169,2443,2191,1343,2245
2169,2384,2250,1343,2245
2169,2443,2250,1343,2186
2228,2325,2250,1343,2245
2120,2278,2250,1343,2353
2120,2325,2203,1343,2353
2228,2325,2250,1235,2353
2073,2325,2250,1343,2353
2228,2384,2250,1235,2294
2120,2384,2191,1343,2353
2228,2384,2250,1343,2186
2120,2384,2250,1343,2294
2061,2384,2250,1343,2353
2169,2384,2250,1235,2353
2120,2384,2250,1284,2353
2228,2443,2250,1343,2127
2169,2443,2250,1284,2245
2228,2443,2191,1284,2245
2061,2443,2250,1284,2353
2120,2443,2250,1225,2353
2120,2443,2191,1343,2294
2120,2443,2250,1284,2294
2169,2443,2250,1235,2294
2169,2443,2191,1235,2353
2228,2443,2250,1117,2353
2228,2443,2250,1235,2235
2228,2443,2191,1176,2353
2228,2443,2191,1235,2294
2014,2384,2358,1343,2245
2122,2384,2358,1343,2137
2181,2384,2358,1284,2137
2073,2325,2358,1235,2353
2073,2384,2358,1343,2186
2181,2325,2358,1343,2137
2073,2384,2299,1343,2245
2181,2384,2299,1343,2137
2122,2443,2358,1284,2137
2014,2443,2358,1284,2245
2181,2443,2299,1068,2353
2073,2443,2299,1284,2245
2181,2443,2299,1284,2137
2014,2443,2358,1343,2186
2122,2443,2358,1343,2078
2073,2443,2358,1343,2127
2181,2443,2358,1343,2019
2120,2384,2252,1343,2245
2120,2443,2252,1284,2245
2228,2384,2252,1343,2137
2228,2443,2252,1068,2353
2228,2443,2252,1284,2137
2061,2384,2311,1343,2245
2061,2443,2311,1284,2245
2061,2443,2311,1343,2186
2169,2384,2311,1343,2137
2169,2443,2311,1284,2137
2169,2443,2311,1343,2078
2120,2325,2311,1235,2353
2120,2384,2311,1343,2186
2120,2443,2311,1343,2127
2228,2384,2311,1284,2137
2228,2325,2311,1343,2137
2228,2443,2311,1343,2019
2228,2396,2299,1068,2353
2228,2443,2299,1068,2306
2228,2384,2358,1068,2353
2120,2384,2358,1176,2353
2228,2443,2358,1117,2245
2120,2443,2358,1117,2353
2228,2443,2358,1176,2186
2120,2443,2358,1176,2294
2228,2396,2299,1284,2137
2120,2396,2299,1284,2245
2228,2337,2358,1284,2137
2228,2335,2358,1117,2353
2120,2335,2358,1225,2353
2228,2443,2358,1225,2137
2120,2443,2358,1225,2245
2228,2335,2299,1176,2353
2120,2335,2299,1284,2353
2228,2276,2358,1284,2245
2228,2335,2358,1284,2186
2120,2335,2358,1284,2294
2228,2443,2358,1284,2078
2120,2443,2358,1284,2186
2228,2335,2299,1235,2294
2169,2335,2299,1235,2353
2228,2384,2299,1127,2353
2228,2276,2299,1343,2245
2120,2276,2299,1343,2353
2061,2335,2299,1343,2353
2228,2384,2299,1235,2245
2120,2384,2299,1235,2353
2228,2443,2299,1235,2186
2169,2443,2299,1235,2245
2228,2337,2299,1343,2137
2120,2337,2299,1343,2245
2228,2443,2299,1343,2078
2169,2443,2299,1343,2137
2120,2443,2299,1343,2186
2061,2443,2299,1343,2245
2228,2384,2358,1176,2245
2228,2325,2358,1235,2245
2228,2276,2358,1235,2294
2228,2384,2358,1127,2294
2169,2384,2358,1127,2353
2228,2384,2358,1235,2186
2169,2384,2358,1235,2245
2228,2335,2358,1176,2294
2169,2335,2358,1176,2353
2228,2443,2358,1068,2294
2169,2443,2358,1068,2353
2228,2443,2358,1127,2235
2169,2443,2358,1127,2294
2228,2443,2358,1235,2127
2120,2278,2358,1235,2353
2169,2443,2358,1176,2245
2061,2443,2358,1176,2353
2120,2384,2358,1235,2294
2061,2384,2358,1235,2353
2169,2443,2358,1235,2186
2061,2443,2358,1235,2294
2169,2276,2358,1343,2245
2228,2278,2358,1343,2137
2169,2337,2358,1343,2137
2228,2384,2358,1343,2078
2120,2337,2358,1343,2186
2061,2337,2358,1343,2245
2120,2325,2358,1343,2245
2120,2276,2358,1343,2294
2061,2276,2358,1343,2353
2228,2276,2358,1343,2186
2120,2384,2358,1284,2245
2169,2335,2358,1284,2245
2061,2335,2358,1284,2353
2228,2335,2358,1343,2127
2120,2335,2358,1343,2235
2169,2335,2358,1343,2186
2061,2335,2358,1343,2294
2228,2396,2358,1343,2019
2120,2396,2358,1343,2127
2169,2396,2358,1284,2137
2061,2396,2358,1284,2245
2169,2396,2358,1343,2078
2061,2396,2358,1343,2186
1848,2335,2299,1568,2294
1848,2384,2358,1568,2186
1848,2443,2299,1460,2294
1848,2443,2250,1568,2235
1848,2443,2299,1568,2186
1956,2443,2299,1568,2078
1848,2443,2358,1568,2127
1895,2443,2252,1460,2294
1895,2396,2299,1460,2294
1895,2443,2299,1460,2247
2003,2443,2191,1460,2294
2003,2443,2299,1460,2186
1895,2335,2252,1568,2294
1895,2443,2252,1568,2186
2003,2443,2252,1568,2078
2003,2443,2083,1568,2294
1895,2288,2299,1568,2294
1895,2396,2299,1568,2186
1895,2335,2299,1568,2247
1895,2443,2299,1568,2139
2003,2396,2299,1568,2078
2003,2443,2299,1568,2031
2003,2276,2358,1460,2294
2003,2443,2250,1401,2294
2003,2443,2358,1401,2186
2003,2443,2250,1509,2186
2003,2443,2250,1460,2235
2003,2443,2358,1460,2127
1895,2384,2311,1568,2186
1895,2443,2203,1568,2235
1895,2443,2311,1568,2127
1895,2396,2250,1568,2235
1895,2443,2250,1568,2188
2003,2276,2250,1568,2294
2003,2443,2250,1568,2127
1895,2276,2358,1568,2294
1895,2337,2358,1568,2186
1895,2396,2358,1568,2127
1895,2443,2358,1568,2080
2003,2443,2358,1568,2019
2228,2335,1966,1568,2294
2228,2443,1966,1460,2294
2228,2443,2191,1568,1961
2228,2443,2191,1460,2069
2228,2443,2299,1460,1961
2120,2396,2074,1460,2294
2120,2396,2191,1568,2069
2120,2396,2074,1568,2186
2120,2396,2299,1568,1961
2120,2443,2027,1460,2294
2073,2443,2074,1460,2294
2120,2443,2074,1460,2247
2228,2335,2299,1568,1961
2120,2443,1966,1568,2294
2073,2443,2074,1568,2186
2120,2443,2027,1568,2186
2228,2443,2074,1568,2078
2073,2443,2191,1568,2069
2073,2443,2299,1568,1961
2120,2443,2144,1568,2069
2120,2443,2252,1568,1961
2120,2443,2191,1568,2022
2120,2443,2299,1568,1914
2228,2443,2299,1568,1853
2073,2276,2133,1568,2294
2073,2384,2358,1568,1961
2181,2384,2358,1568,1853
2120,2229,2133,1568,2294
2228,2337,2358,1568,1853
2120,2337,2358,1568,1961
2228,2276,2358,1568,1961
2228,2384,2311,1568,1853
2228,2384,2133,1568,2078
2228,2384,2250,1568,1961
2228,2384,2358,1460,1961
2120,2276,2133,1568,2247
2120,2276,2086,1568,2294
2228,2276,2025,1568,2294
2120,2384,2311,1568,1961
2120,2384,2358,1568,1914
2120,2384,2133,1460,2294
2120,2384,2025,1568,2294
2120,2384,2133,1568,2186
2228,2384,2025,1568,2186
2228,2384,2025,1460,2294
2228,2384,2133,1460,2186
2228,2335,2250,1568,2010
2228,2335,2133,1401,2294
2228,2335,2133,1460,2235
2228,2335,2358,1460,2010
2228,2335,2358,1401,2069
2228,2335,2133,1568,2127
2228,2335,2358,1509,1961
2120,2335,2358,1568,2010
2228,2335,2358,1568,1902
2228,2443,2133,1460,2127
2228,2443,2358,1460,1902
2228,2443,2358,1401,1961
2228,2443,2133,1401,2186
2228,2443,2133,1293,2294
2228,2443,2358,1293,2069
2228,2443,2250,1401,2069
2228,2443,2025,1401,2294
2228,2443,2250,1460,2010
2228,2443,2025,1460,2235
2228,2443,2133,1352,2235
2228,2443,2358,1352,2010
2228,2443,2133,1568,2019
2228,2443,2133,1509,2078
2228,2443,2358,1568,1794
2228,2443,2358,1509,1853
2228,2443,2025,1568,2127
2120,2443,2133,1568,2127
2228,2443,2025,1509,2186
2120,2443,2133,1509,2186
2228,2443,2250,1568,1902
2120,2443,2358,1568,1902
2228,2443,2250,1509,1961
2120,2443,2358,1509,1961
2228,2443,1917,1509,2294
2228,2443,2142,1509,2069
2228,2443,1917,1568,2235
2228,2443,2142,1568,2010
2120,2443,2133,1401,2294
2120,2443,2133,1460,2235
2120,2443,2025,1509,2294
2120,2443,2025,1568,2235
2120,2443,2250,1509,2069
2120,2443,2250,1568,2010
2120,2443,2358,1460,2010
2120,2443,2358,1401,2069
1944,2443,2036,1568,2353
1944,2443,2144,1568,2245
1944,2443,2252,1568,2137
2003,2443,2252,1401,2245
1895,2443,2252,1509,2245
2003,2384,2191,1568,2245
1944,2396,2191,1568,2245
1944,2443,2191,1568,2198
2003,2443,2191,1509,2245
1897,2443,2191,1568,2245
1944,2396,2083,1568,2353
2003,2384,2083,1568,2353
1944,2443,2083,1568,2306
2003,2443,2083,1509,2353
1897,2443,2083,1568,2353
2003,2384,2191,1460,2353
2003,2443,2191,1401,2353
1895,2443,2191,1509,2353
1944,2443,2191,1460,2353
1836,2443,2191,1568,2353
1944,2396,2299,1568,2137
2003,2396,2299,1401,2245
1895,2396,2299,1509,2245
1944,2443,2299,1352,2353
2003,2384,2299,1460,2245
2003,2443,2299,1401,2198
1956,2443,2299,1401,2245
1895,2443,2299,1401,2353
1836,2443,2299,1460,2353
2003,2276,2299,1460,2353
1944,2335,2299,1460,2353
1944,2443,2299,1460,2245
2003,2335,2191,1509,2353
2003,2335,2299,1509,2245
1895,2335,2299,1509,2353
2003,2276,2191,1568,2353
1895,2276,2299,1568,2353
1944,2335,2191,1568,2353
1836,2335,2299,1568,2353
1895,2443,2299,1509,2198
2003,2443,2299,1509,2137
1848,2443,2299,1509,2245
2003,2384,2299,1568,2137
1895,2384,2299,1568,2245
1944,2443,2299,1568,2090
1897,2443,2299,1568,2137
1836,2443,2299,1568,2245
1895,2170,2358,1568,2353
1895,2217,2311,1568,2353
1848,2217,2358,1568,2353
2003,2217,2358,1568,2245
2003,2217,2358,1460,2353
2003,2276,2358,1568,2186
2003,2276,2358,1509,2245
2003,2276,2358,1401,2353
1895,2276,2358,1509,2353
1895,2335,2358,1509,2294
1944,2276,2250,1568,2353
1944,2276,2358,1460,2353
1944,2335,2250,1568,2294
1944,2335,2250,1509,2353
1944,2335,2358,1401,2353
2003,2335,2358,1509,2186
1956,2335,2358,1450,2245
2003,2335,2311,1450,2245
2003,2335,2250,1509,2294
2003,2276,2250,1509,2353
2003,2335,2250,1450,2353
2003,2335,2358,1401,2294
1944,2337,2358,1568,2137
1895,2337,2358,1509,2245
2003,2278,2358,1568,2137
2003,2337,2358,1509,2137
1895,2278,2358,1460,2353
2003,2325,2250,1568,2245
2003,2384,2250,1509,2245
1895,2384,2250,1509,2353
2003,2384,2142,1509,2353
2003,2384,2250,1401,2353
2003,2325,2250,1460,2353
1944,2384,2250,1460,2353
2003,2325,2142,1568,2353
1944,2384,2142,1568,2353
1836,2384,2250,1568,2353
1895,2325,2250,1568,2353
1944,2384,2358,1460,2245
2003,2384,2358,1401,2245
2003,2325,2358,1460,2245
1848,2325,2358,1460,2353
1836,2384,2358,1460,2353
1895,2325,2311,1460,2353
1895,2325,2358,1460,2306
1848,2384,2358,1509,2245
1895,2325,2358,1568,2245
1895,2384,2311,1509,2245
1956,2384,2358,1509,2137
1956,2325,2358,1568,2137
1897,2384,2358,1568,2137
2003,2325,2311,1568,2137
2003,2384,2311,1509,2137
1944,2384,2311,1568,2137
1944,2396,2358,1509,2137
1944,2396,2250,1568,2186
1944,2396,2358,1293,2353
1895,2396,2358,1342,2353
1836,2396,2358,1509,2245
1895,2396,2358,1450,2245
1897,2443,2250,1568,2186
2003,2443,2142,1450,2353
2003,2443,2142,1509,2294
1944,2443,2142,1509,2353
2003,2384,2142,1568,2294
1944,2443,2203,1568,2186
2003,2384,2250,1460,2294
1944,2443,2250,1568,2139
1944,2443,2311,1293,2353
1897,2443,2358,1293,2353
1944,2443,2358,1293,2306
1944,2443,2358,1401,2245
1836,2443,2311,1509,2245
1789,2443,2358,1509,2245
1836,2443,2358,1509,2198
1897,2443,2358,1509,2137
1944,2443,2311,1509,2137
1944,2443,2358,1509,2090
1848,2443,2358,1342,2353
1895,2443,2311,1342,2353
1895,2443,2358,1342,2306
1895,2384,2358,1401,2353
2003,2384,2358,1293,2353
1848,2443,2358,1450,2245
1895,2443,2311,1450,2245
2003,2443,2250,1342,2353
2003,2443,2358,1342,2245
2003,2443,2250,1450,2245
2003,2443,2358,1450,2137
1895,2443,2358,1401,2294
1836,2443,2358,1460,2294
1895,2443,2358,1509,2186
1895,2443,2250,1509,2294
1836,2443,2358,1568,2186
1836,2443,2250,1568,2294
1895,2384,2250,1568,2294
2003,2443,2358,1509,2078
2003,2443,2358,1293,2294
1944,2443,2358,1460,2186
1944,2443,2358,1568,2078
2003,2384,2358,1568,2078
2003,2384,2250,1568,2186
2003,2384,2358,1460,2186
1944,2443,2358,1352,2294
2003,2384,2358,1352,2294
2120,2384,2311,1401,2128
2120,2384,2358,1401,2081
2120,2337,2358,1401,2128
2073,2384,2358,1401,2128
2228,2443,1811,1509,2353
2228,2443,1858,1509,2306
2228,2396,1858,1509,2353
2181,2443,1858,1509,2353
2228,2443,1966,1401,2353
2120,2443,1966,1509,2353
2228,2443,2025,1342,2353
2228,2384,2025,1401,2353
2120,2384,2025,1509,2353
2228,2443,2191,1401,2128
2120,2443,2191,1509,2128
2228,2443,2250,1342,2128
2228,2384,2250,1401,2128
2120,2384,2250,1509,2128
2228,2443,2025,1450,2245
2228,2443,2086,1450,2137
2228,2335,2086,1450,2245
2120,2443,2086,1450,2245
2228,2443,2133,1342,2245
2228,2396,2133,1450,2137
2181,2443,2133,1450,2137
2120,2396,2133,1450,2245
2073,2443,2133,1450,2245
2181,2335,2133,1450,2245
2228,2335,2027,1509,2245
2228,2396,2074,1509,2137
2181,2443,2074,1509,2137
2228,2288,2074,1509,2245
2181,2335,2074,1509,2245
2228,2443,2074,1401,2245
2228,2443,1966,1509,2245
2120,2443,2074,1509,2245
2120,2335,2074,1509,2353
2228,2384,2025,1509,2245
2228,2335,2025,1509,2294
2228,2384,2133,1401,2245
2228,2335,2133,1509,2186
2120,2384,2133,1509,2245
2120,2335,2133,1509,2294
2120,2276,2133,1509,2353
2228,2443,2252,1509,1912
2228,2443,2191,1509,2020
2228,2443,2299,1401,2020
2228,2443,2299,1509,1865
2228,2396,2299,1509,1912
2181,2443,2299,1509,1912
2120,2443,2299,1509,2020
2120,2335,2299,1509,2128
2228,2335,2250,1509,2069
2228,2443,2250,1450,2020
2228,2384,2250,1509,2020
2228,2443,2358,1342,2020
2228,2384,2358,1401,2020
2228,2443,2311,1450,1912
2120,2443,2311,1450,2020
2228,2396,2358,1450,1912
2181,2443,2358,1450,1912
2120,2396,2358,1450,2020
2073,2443,2358,1450,2020
2120,2384,2358,1509,2020
2120,2335,2358,1509,2069
2120,2276,2358,1509,2128
2120,2278,2358,1460,2128
2061,2337,2358,1460,2128
2061,2396,2358,1509,2020
2061,2396,2133,1509,2245
2169,2288,2358,1509,2020
2169,2396,2358,1509,1912
2169,2396,2133,1509,2137
2061,2337,2358,1568,2020
2120,2278,2358,1568,2020
2228,2278,2358,1568,1912
2061,2337,2133,1568,2245
2120,2278,2133,1568,2245
2228,2278,2133,1568,2137
2061,2396,2133,1568,2186
2169,2396,2133,1568,2078
2169,2443,2191,1568,2020
2228,2384,2191,1568,2020
2228,2384,2299,1568,1912
2169,2443,2299,1568,1912
2228,2276,2299,1568,2020
2228,2384,2299,1460,2020
2169,2335,2299,1568,2020
2169,2443,2299,1460,2020
2228,2384,2083,1568,2128
2228,2276,2191,1568,2128
2169,2335,2191,1568,2128
2169,2443,2191,1460,2128
2120,2384,2299,1568,2020
2120,2276,2299,1568,2128
2228,2276,2299,1460,2128
2120,2384,2191,1568,2128
2228,2384,2191,1460,2128
2120,2384,2299,1460,2128
2228,2384,2299,1352,2128
2169,2335,2299,1460,2128
2061,2443,2299,1568,2020
2061,2443,2191,1568,2128
2061,2443,2299,1460,2128
2228,2276,2074,1568,2245
2228,2276,1966,1568,2353
2228,2276,2074,1460,2353
2169,2335,2074,1568,2245
2169,2335,1966,1568,2353
2061,2335,2074,1568,2353
2169,2335,2074,1460,2353
2228,2384,1966,1568,2245
2228,2384,2074,1568,2137
2120,2384,2074,1568,2245
2228,2384,1858,1568,2353
2228,2384,1966,1460,2353
2120,2384,2074,1460,2353
2169,2443,1966,1568,2245
2169,2443,2074,1568,2137
2169,2443,2074,1460,2245
2061,2443,1966,1568,2353
2169,2443,1966,1460,2353
2061,2443,2074,1460,2353
2061,2443,2074,1568,2245
2228,2217,2250,1568,2128
2228,2217,2025,1568,2353
2228,2325,2250,1568,2020
2228,2325,2142,1568,2128
2228,2325,2025,1568,2245
2228,2325,1917,1568,2353
2228,2276,2250,1568,2069
2228,2276,2250,1509,2128
2228,2384,2142,1568,2069
2228,2384,2250,1460,2069
2228,2384,1917,1568,2294
2228,2384,1917,1509,2353
2073,2325,2133,1568,2245
2181,2325,2133,1568,2137
2228,2384,2133,1509,2137
2120,2325,2086,1568,2245
2228,2325,2086,1568,2137
2228,2276,2133,1401,2353
2228,2217,2133,1460,2353
2228,2276,2133,1460,2294
2228,2276,2133,1568,2186
2120,2217,2133,1568,2353
2228,2325,2133,1460,2245
2228,2325,2133,1352,2353
2120,2325,2133,1460,2353
2120,2384,2133,1401,2353
2228,2384,2133,1293,2353
2228,2384,2133,1352,2294
2228,2325,2025,1460,2353
2120,2325,2025,1568,2353
2228,2276,2358,1401,2128
2228,2384,2358,1293,2128
2228,2384,2358,1352,2069
2228,2276,2358,1460,2069
2073,2325,2358,1460,2128
2120,2325,2311,1460,2128
2120,2384,2358,1460,2069
2228,2325,2358,1460,2020
2228,2384,2358,1509,1912
2073,2325,2358,1568,2020
2120,2325,2311,1568,2020
2181,2325,2358,1568,1912
2228,2325,2311,1568,1912
2014,2384,2358,1568,2020
2014,2384,2133,1568,2245
2014,2443,2358,1509,2020
2014,2443,2133,1509,2245
2014,2443,2133,1568,2186
2122,2443,2358,1509,1912
2122,2443,2133,1509,2137
2122,2443,2133,1568,2078
2014,2384,2358,1460,2128
2122,2335,2358,1509,2020
2061,2335,2133,1509,2353
2061,2276,2133,1568,2353
2061,2276,2358,1568,2128
2061,2335,2133,1568,2294
2061,2384,2311,1460,2128
2061,2384,2358,1460,2081
2061,2384,2133,1460,2353
2061,2443,2358,1401,2128
2061,2443,2133,1401,2353
2061,2384,2086,1568,2245
2061,2384,2025,1568,2353
2061,2384,2250,1568,2128
2061,2384,2358,1568,1973
2061,2384,2311,1568,2020
2061,2443,2086,1509,2245
2061,2443,2311,1509,2020
2061,2443,2358,1509,1973
2061,2443,2025,1509,2353
2061,2443,2133,1568,2139
2061,2443,2358,1568,1961
2061,2443,2086,1568,2186
2061,2443,2025,1568,2294
2169,2335,2311,1509,2020
2169,2335,2358,1509,1973
2169,2335,2133,1401,2353
2169,2335,2250,1509,2128
2169,2276,2358,1460,2128
2169,2276,2250,1568,2128
2169,2276,2025,1568,2353
2169,2335,2250,1568,2069
2169,2335,2025,1568,2294
2169,2384,2133,1460,2245
2169,2384,2358,1568,1912
2169,2384,2133,1568,2137
2169,2384,2133,1352,2353
2169,2384,2025,1460,2353
2169,2384,2250,1460,2128
2169,2384,1917,1568,2353
2169,2384,2250,1568,2020
2169,2443,2133,1293,2353
2169,2443,2025,1401,2353
2169,2443,2086,1509,2137
2169,2443,2025,1509,2245
2169,2443,2358,1293,2128
2169,2443,2358,1401,2020
2169,2443,2142,1509,2128
2169,2443,2250,1509,2020
2169,2443,2311,1509,1912
2169,2443,2358,1509,1865
2169,2443,2250,1460,2069
2169,2443,2358,1460,1961
2169,2443,2025,1460,2294
2169,2443,1917,1568,2294
2169,2443,2025,1568,2186
2169,2443,2086,1568,2078
2169,2443,2358,1568,1853
2169,2443,2250,1568,1961
1895,2062,2358,1568,2461
1895,2170,2358,1460,2461
2003,2121,2191,1568,2461
1895,2121,2358,1568,2402
2003,2121,2358,1460,2402
2003,2121,2299,1568,2353
1944,2229,2358,1352,2461
1836,2229,2358,1460,2461
1944,2288,2358,1293,2461
2003,2288,2299,1293,2461
1836,2288,2358,1401,2461
1895,2288,2358,1460,2343
1944,2288,2191,1460,2461
1944,2180,2191,1568,2461
1944,2180,2299,1568,2353
2003,2180,2299,1401,2461
2003,2180,2299,1460,2402
1895,2180,2299,1568,2402
1944,2121,2358,1460,2461
1836,2121,2358,1568,2461
1836,2180,2358,1509,2461
1836,2180,2358,1568,2402
1944,2180,2250,1568,2402
1944,2180,2358,1401,2461
2003,2180,2358,1401,2402
1944,2180,2358,1460,2402
1944,2180,2358,1509,2353
1944,2288,2083,1568,2461
1944,2288,2142,1509,2461
1895,2396,2142,1568,2343
1895,2396,2250,1460,2343
2003,2396,2250,1352,2343
1944,2396,2034,1568,2402
1836,2396,2250,1460,2402
1895,2396,2083,1568,2402
2003,2396,1975,1568,2402
2003,2337,1975,1568,2461
2003,2396,2034,1450,2461
1895,2337,2083,1568,2461
1895,2337,2191,1460,2461
1895,2396,2358,1352,2343
2003,2396,2358,1244,2343
1836,2396,2358,1352,2402
1895,2396,2358,1293,2402
1944,2396,2358,1244,2402
2003,2396,2299,1244,2402
1944,2337,2358,1244,2461
2003,2396,2358,1126,2461
2003,2396,2299,1185,2461
2003,2278,2358,1244,2461
1895,2396,2358,1234,2461
1895,2396,2299,1293,2461
1895,2396,2299,1352,2402
1895,2278,2358,1352,2461
1944,2335,2144,1460,2461
1895,2384,2144,1460,2461
2003,2384,1928,1568,2461
2003,2443,1928,1568,2402
1944,2335,2036,1568,2461
1895,2384,2036,1568,2461
1895,2443,2036,1568,2402
2003,2443,1987,1450,2461
1944,2443,1987,1568,2402
1944,2335,2095,1509,2461
2003,2443,2203,1352,2343
1895,2443,2095,1568,2343
1836,2443,2203,1460,2402
1895,2443,2203,1460,2343
1836,2227,2311,1509,2461
1836,2335,2311,1401,2461
1944,2335,2311,1293,2461
1944,2227,2311,1401,2461
1944,2227,2311,1509,2353
2003,2335,2311,1234,2461
2003,2227,2311,1342,2461
2003,2227,2203,1450,2461
2003,2227,2311,1450,2353
2003,2227,2311,1401,2402
2003,2443,2311,1126,2461
1895,2443,2311,1234,2461
1895,2443,2311,1293,2402
2003,2168,2203,1568,2402
2003,2168,2144,1568,2461
1944,2227,2144,1568,2461
1944,2227,2203,1568,2402
2003,2335,2252,1293,2461
2003,2443,2252,1185,2461
2003,2443,2252,1244,2402
1895,2443,2252,1293,2461
1895,2443,2252,1352,2402
2003,2168,2252,1568,2353
1944,2227,2252,1568,2353
2003,2227,2252,1401,2461
2003,2227,2252,1460,2402
1895,2227,2252,1568,2402
2003,2227,2311,1568,2235
2003,2168,2311,1568,2294
2003,2335,2311,1352,2343
1895,2335,2311,1460,2343
2003,2168,2311,1460,2402
1895,2168,2311,1568,2402
1836,2227,2311,1568,2402
1944,2227,2311,1460,2402
1836,2168,2311,1568,2461
1836,2276,2311,1460,2461
1895,2109,2311,1568,2461
1895,2217,2311,1460,2461
2003,2109,2311,1568,2353
1944,2168,2311,1568,2353
1944,2168,2311,1460,2461
1944,2276,2311,1352,2461
2003,2109,2311,1460,2461
1895,2443,2311,1352,2343
2003,2443,2311,1244,2343
1895,2325,2311,1352,2461
2003,2325,2311,1244,2461
1944,2443,2311,1244,2402
1836,2443,2311,1352,2402
1944,2384,2311,1244,2461
2003,2227,2358,1401,2355
2003,2443,2250,1293,2402
2003,2335,2358,1293,2402
1956,2227,2358,1401,2402
2003,2335,2358,1234,2414
2003,2227,2358,1342,2414
1956,2335,2358,1234,2461
1956,2227,2358,1342,2461
2003,2443,2358,1126,2414
1956,2443,2358,1126,2461
2003,2443,2299,1185,2414
1956,2443,2299,1185,2461
2003,2443,2299,1293,2353
2003,2335,2299,1293,2414
1956,2335,2299,1293,2461
2003,2227,2299,1401,2414
1956,2227,2299,1401,2461
2003,2443,2358,1234,2353
2003,2335,2358,1342,2353
2003,2335,2299,1401,2353
2003,2227,2299,1509,2353
2003,2227,2358,1509,2294
1956,2227,2358,1450,2353
2003,2168,2358,1509,2353
1895,2443,2250,1450,2353
1895,2335,2358,1450,2353
2003,2443,2250,1234,2461
1895,2443,2358,1234,2414
1848,2443,2358,1234,2461
2003,2443,2142,1342,2461
2003,2335,2250,1342,2461
2003,2443,2034,1450,2414
1956,2443,2034,1450,2461
2003,2335,2142,1450,2461
2003,2227,2250,1450,2414
1956,2227,2250,1450,2461
1895,2443,2142,1450,2461
1895,2443,2250,1342,2461
1895,2335,2250,1450,2461
1895,2335,2358,1342,2461
1895,2227,2358,1450,2461
2003,2443,2191,1293,2461
2003,2384,2250,1293,2461
1895,2443,2299,1293,2414
1848,2443,2299,1293,2461
1895,2443,2358,1293,2355
1848,2443,2358,1293,2402
2003,2443,2083,1401,2461
2003,2384,2142,1401,2461
1895,2443,2191,1401,2461
1895,2443,2250,1401,2402
1895,2384,2250,1401,2461
2003,2335,2191,1401,2461
2003,2276,2250,1401,2461
1895,2335,2299,1401,2461
1895,2335,2358,1401,2402
1895,2276,2358,1401,2461
2003,2443,1975,1509,2461
1895,2443,2083,1509,2461
2003,2335,2083,1509,2461
1895,2335,2191,1509,2461
2003,2227,2191,1509,2461
1895,2227,2299,1509,2461
2003,2335,2250,1401,2402
2003,2443,2034,1509,2402
2003,2384,2034,1509,2461
2003,2335,2142,1509,2402
2003,2276,2142,1509,2461
2003,2227,2250,1509,2402
2003,2168,2250,1509,2461
1895,2443,2142,1509,2402
1895,2384,2142,1509,2461
1895,2335,2250,1509,2402
1895,2276,2250,1509,2461
1895,2227,2358,1509,2402
1895,2168,2358,1509,2461
1956,2384,1975,1568,2461
2003,2384,1975,1568,2414
1956,2443,1975,1568,2402
1944,2443,1975,1568,2461
2003,2443,1975,1568,2355
1944,2443,2083,1460,2461
1897,2335,2083,1568,2461
1944,2335,2083,1568,2414
2003,2335,2083,1568,2402
2003,2384,2083,1460,2461
2003,2443,2083,1460,2402
2003,2276,2083,1568,2461
1944,2443,2191,1352,2461
2003,2443,2191,1352,2402
1897,2335,2191,1460,2461
1944,2335,2191,1460,2414
2003,2335,2191,1460,2402
2003,2276,2191,1460,2461
1956,2168,2191,1568,2461
2003,2168,2191,1568,2414
1897,2227,2191,1568,2461
1944,2227,2191,1568,2414
2003,2227,2191,1568,2402
2003,2335,2191,1568,2294
2003,2384,2034,1568,2402
2003,2384,2142,1460,2402
2003,2276,2142,1568,2402
1944,2443,2034,1509,2461
1897,2443,2034,1568,2402
1944,2443,2034,1568,2355
2003,2443,2034,1568,2343
1944,2443,2142,1401,2461
2003,2443,2142,1401,2402
1897,2335,2142,1509,2461
1944,2335,2142,1509,2414
1944,2443,2142,1460,2402
1944,2335,2142,1568,2402
1944,2276,2142,1568,2461
2003,2217,2142,1568,2461
2003,2335,2142,1568,2343
2003,2325,2142,1460,2461
1944,2384,2142,1460,2461
2003,2443,2142,1460,2343
2003,2443,2142,1568,2235
1944,2443,2250,1293,2461
1944,2335,2250,1401,2461
1944,2227,2250,1509,2461
1956,2168,2250,1568,2402
2003,2217,2250,1460,2461
2003,2325,2250,1352,2461
2003,2384,2250,1352,2402
2003,2276,2250,1460,2402
2003,2109,2250,1568,2461
2003,2217,2250,1568,2353
2003,2168,2250,1568,2355
1956,2443,2250,1352,2343
1897,2227,2250,1568,2402
1944,2384,2250,1352,2461
1944,2276,2250,1460,2461
1944,2335,2250,1460,2402
1944,2443,2250,1460,2294
1944,2168,2250,1568,2461
1944,2227,2250,1568,2355
2003,2443,2250,1352,2296
2003,2335,2250,1460,2343
2003,2227,2250,1568,2343
2003,2335,2250,1568,2235
1836,2443,2083,1568,2461
1848,2384,2083,1568,2461
1848,2443,2083,1568,2402
1895,2384,2083,1568,2414
1895,2443,2083,1568,2355
2003,2384,2191,1352,2461
1895,2335,2191,1568,2402
1848,2384,2191,1460,2461
1895,2384,2191,1460,2414
1836,2443,2191,1460,2461
1895,2443,2191,1460,2402
1836,2335,2191,1568,2461
1895,2276,2191,1568,2461
1895,2384,2191,1568,2353
1895,2443,2191,1568,2294
2003,2443,2191,1568,2186
1897,2227,2299,1568,2353
1836,2335,2299,1460,2461
1836,2443,2299,1352,2461
1944,2335,2299,1352,2461
1944,2443,2299,1244,2461
1836,2227,2299,1568,2461
1944,2227,2299,1460,2461
1944,2227,2299,1568,2306
1944,2335,2299,1568,2245
1848,2227,2299,1568,2402
1895,2276,2299,1460,2461
1895,2168,2299,1568,2461
1895,2227,2299,1568,2355
1895,2335,2299,1460,2402
1956,2168,2299,1568,2353
1956,2227,2299,1460,2402
2003,2276,2299,1352,2461
2003,2168,2299,1460,2461
2003,2227,2299,1460,2355
2003,2335,2299,1352,2402
2003,2335,2299,1460,2294
2003,2168,2299,1568,2306
2003,2227,2299,1568,2294
1848,2443,2299,1352,2402
1956,2443,2299,1244,2402
2003,2384,2299,1244,2461
2003,2443,2299,1244,2355
1895,2384,2299,1352,2461
1895,2443,2299,1352,2355
2003,2384,2299,1352,2353
2003,2443,2299,1352,2294
1895,2384,2299,1460,2353
2003,2276,2299,1568,2245
2003,2335,2299,1568,2186
1895,2384,2358,1293,2461
1836,2443,2358,1293,2461
1789,2335,2358,1401,2461
1836,2335,2358,1401,2414
1836,2443,2250,1401,2461
1836,2443,2358,1401,2353
1789,2227,2358,1509,2461
1836,2227,2358,1509,2414
1836,2335,2250,1509,2461
1836,2335,2358,1509,2353
1836,2443,2142,1509,2461
1836,2443,2250,1509,2353
1944,2443,2358,1185,2461
1897,2335,2358,1293,2461
1944,2335,2358,1293,2414
1944,2443,2250,1401,2353
2003,2384,2358,1185,2461
2003,2443,2358,1185,2402
2003,2276,2358,1293,2461
2003,2168,2358,1401,2461
1897,2227,2358,1401,2461
1944,2227,2358,1401,2414
1897,2227,2358,1509,2353
1944,2443,2250,1509,2245
1944,2227,2358,1509,2306
1944,2335,2358,1509,2245
1789,2443,2250,1460,2402
1836,2384,2250,1460,2461
1836,2443,2250,1460,2355
1944,2443,2250,1352,2402
1836,2276,2250,1568,2461
1836,2335,2250,1568,2402
1836,2443,2142,1568,2402
1944,2443,2142,1568,2294
1895,2217,2250,1568,2461
1895,2325,2250,1460,2461
1895,2384,2250,1460,2402
1895,2384,2142,1568,2402
1848,2443,2250,1460,2343
1895,2443,2250,1460,2296
1895,2276,2250,1568,2402
1848,2443,2142,1568,2343
1895,2443,2142,1568,2296
1848,2109,2358,1568,2461
1895,2109,2358,1568,2414
1956,2109,2358,1460,2461
2003,2109,2358,1460,2414
1956,2109,2358,1568,2353
2003,2109,2358,1568,2306
1848,2168,2358,1568,2402
1956,2168,2358,1460,2402
1956,2168,2358,1568,2294
1895,2168,2358,1568,2355
2003,2168,2358,1460,2355
2003,2168,2358,1568,2247
1848,2217,2358,1460,2461
1895,2217,2358,1460,2414
1848,2325,2358,1352,2461
1895,2325,2358,1352,2414
1956,2325,2358,1244,2461
2003,2325,2358,1244,2414
2003,2325,2358,1352,2353
2003,2217,2358,1352,2461
1895,2384,2358,1352,2402
1895,2384,2358,1460,2294
2003,2384,2358,1244,2402
1789,2443,2358,1352,2402
1789,2276,2358,1460,2461
1897,2276,2358,1352,2461
1897,2384,2358,1244,2461
1897,2443,2358,1244,2402
1836,2276,2358,1460,2414
1836,2443,2358,1352,2355
1836,2335,2358,1460,2402
1944,2384,2358,1244,2414
1944,2384,2358,1352,2353
1944,2443,2358,1244,2355
1944,2276,2358,1352,2414
1944,2335,2358,1352,2402
1956,2443,2358,1244,2343
2003,2443,2358,1244,2296
1848,2443,2358,1352,2343
1895,2443,2358,1352,2296
2003,2443,2358,1352,2235
1956,2335,2358,1352,2343
2003,2335,2358,1352,2296
1848,2335,2358,1460,2343
1895,2335,2358,1460,2296
1789,2168,2358,1568,2461
1789,2227,2358,1568,2402
1897,2168,2358,1460,2461
1897,2227,2358,1460,2402
1897,2168,2358,1568,2353
1956,2227,2358,1568,2235
1944,2168,2358,1460,2414
1836,2168,2358,1568,2414
1836,2276,2358,1568,2353
1944,2168,2358,1568,2306
1944,2276,2358,1568,2245
1836,2227,2358,1568,2355
1836,2335,2358,1568,2294
1944,2227,2358,1460,2355
1944,2335,2358,1460,2294
1944,2227,2358,1568,2294
1944,2335,2358,1568,2186
2003,2227,2358,1460,2343
2003,2335,2358,1460,2235
1895,2227,2358,1568,2343
1895,2335,2358,1568,2235
2003,2227,2358,1568,2188
2003,2335,2358,1568,2127
2003,2276,2358,1352,2402
1895,2276,2358,1460,2402
1895,2443,2358,1460,2235
1944,2384,2250,1568,2245
1895,2335,2250,1568,2343
2014,2384,2142,1343,2461
2014,2335,2191,1343,2461
2014,2335,2025,1509,2461
2014,2335,1966,1568,2461
2014,2443,2083,1568,2236
2014,2384,1917,1568,2461
2014,2443,1917,1568,2402
2014,2443,2142,1568,2177
2073,2443,2025,1460,2343
2073,2335,2025,1450,2461
2073,2217,2025,1568,2461
2073,2325,1917,1568,2461
2073,2384,1858,1568,2461
2073,2443,1858,1568,2402
2073,2335,2191,1284,2461
2073,2384,2142,1284,2461
2073,2384,2191,1235,2461
2073,2325,2142,1343,2461
2073,2443,2142,1343,2343
2073,2443,2083,1343,2402
2073,2384,2083,1343,2461
2073,2443,2142,1568,2118
2073,2443,2083,1509,2236
2073,2227,2358,1509,2177
2073,2335,2358,1342,2236
2073,2227,2358,1450,2236
2073,2168,2358,1509,2236
2014,2227,2358,1509,2236
2073,2168,2133,1509,2461
2073,2227,2133,1450,2461
2073,2227,2358,1284,2402
2014,2227,2133,1509,2461
2073,2443,2358,1009,2461
2014,2443,2358,1068,2461
2073,2168,2358,1343,2402
2073,2325,2358,1127,2461
2073,2217,2358,1460,2236
2073,2217,2133,1460,2461
2014,2276,2133,1460,2461
2073,2325,2358,1352,2236
2073,2109,2358,1568,2236
2073,2168,2358,1568,2177
2014,2168,2358,1568,2236
2073,2109,2133,1568,2461
2014,2168,2133,1568,2461
2073,2335,2074,1460,2402
2073,2227,2299,1568,2177
2073,2227,2358,1343,2343
2073,2227,2133,1568,2343
2073,2227,2358,1568,2118
2073,2168,2074,1568,2461
2073,2168,2299,1343,2461
2073,2227,2299,1284,2461
2014,2227,2299,1343,2461
2014,2227,2358,1568,2177
2014,2227,2358,1343,2402
2120,2288,2074,1460,2402
2120,2337,2191,1235,2461
2120,2276,2299,1460,2236
2120,2276,2074,1460,2461
2120,2384,2191,1235,2414
2120,2384,2299,1352,2236
2120,2384,2144,1235,2461
2120,2384,2074,1352,2461
2120,2384,2299,1127,2461
2120,2335,2299,1460,2177
2061,2335,2299,1460,2236
2120,2335,2299,1401,2236
2120,2335,2074,1460,2355
2120,2335,2027,1460,2402
2120,2335,2299,1235,2402
2061,2335,2074,1460,2461
2120,2335,2074,1401,2461
2061,2335,2299,1235,2461
2120,2335,2299,1176,2461
2120,2443,2191,1460,2177
2120,2443,2299,1352,2177
2061,2443,2191,1460,2236
2120,2443,2191,1401,2236
2061,2443,2299,1352,2236
2120,2443,2299,1293,2236
2120,2443,1966,1460,2402
2120,2443,2074,1352,2402
2120,2443,2191,1235,2402
2120,2443,2299,1127,2402
2061,2443,1966,1460,2461
2120,2443,1966,1401,2461
2061,2443,2191,1235,2461
2120,2443,2191,1176,2461
2061,2443,2074,1352,2461
2120,2443,2074,1293,2461
2061,2443,2299,1127,2461
2120,2443,2299,1068,2461
2120,2335,2311,1342,2236
2120,2443,2311,1009,2461
2061,2443,2311,1068,2461
2120,2443,2025,1401,2402
2120,2384,2025,1401,2461
2061,2443,2025,1401,2461
2120,2443,2133,1293,2402
2120,2443,2133,1234,2461
2120,2384,2133,1293,2461
2061,2443,2133,1293,2461
2120,2443,2250,1401,2177
2120,2443,2250,1342,2236
2120,2384,2250,1401,2236
2061,2443,2250,1401,2236
2120,2443,2250,1176,2402
2120,2443,2250,1117,2461
2061,2443,2250,1176,2461
2120,2443,2358,1009,2414
2061,2443,2358,1068,2414
2120,2335,2358,1401,2177
2120,2443,2358,1068,2402
2120,2443,2358,1234,2236
2061,2443,2358,1293,2236
2120,2396,2358,1009,2461
2061,2396,2358,1068,2461
2120,2335,2133,1401,2402
2120,2276,2133,1401,2461
2120,2443,1978,1460,2343
2120,2443,2025,1460,2296
2120,2396,2025,1460,2343
2120,2384,2025,1460,2402
2061,2443,2025,1460,2402
2061,2384,2025,1460,2461
2120,2217,2086,1460,2461
2061,2276,2086,1460,2461
2120,2335,2133,1460,2343
2120,2443,2133,1352,2343
2061,2443,2133,1352,2402
2120,2217,2133,1460,2414
2061,2276,2133,1460,2414
2120,2170,2133,1460,2461
2061,2229,2133,1460,2461
2120,2384,2133,1352,2402
2120,2325,2133,1352,2461
2061,2384,2133,1352,2461
2120,2325,2311,1127,2461
2120,2217,2311,1460,2236
2120,2325,2311,1352,2236
2120,2170,2358,1460,2236
2120,2217,2358,1460,2189
2120,2276,2358,1460,2177
2120,2276,2358,1401,2236
2120,2276,2358,1235,2402
2061,2276,2358,1460,2236
2061,2276,2358,1235,2461
2120,2335,2358,1460,2118
2061,2335,2358,1460,2177
2120,2335,2358,1176,2402
2120,2335,2358,1235,2343
2061,2335,2358,1235,2402
2061,2384,2250,1460,2236
2120,2325,2250,1235,2461
2120,2384,2250,1235,2402
2120,2384,2250,1176,2461
2061,2384,2250,1235,2461
2120,2278,2358,1352,2236
2120,2278,2358,1127,2461
2120,2325,2358,1127,2414
2120,2325,2358,1352,2189
2120,2384,2358,1068,2461
2120,2384,2358,1127,2402
2061,2384,2358,1127,2461
2120,2384,2358,1293,2236
2120,2384,2358,1352,2177
2061,2384,2358,1352,2236
2120,2443,2358,1352,2118
2120,2443,2358,1293,2177
2061,2443,2358,1352,2177
2120,2443,2358,1127,2343
2061,2443,2358,1127,2402
2120,2217,1978,1568,2461
2120,2325,1870,1568,2461
2120,2278,1917,1568,2461
2120,2170,2025,1568,2461
2120,2325,1917,1568,2414
2120,2217,2025,1568,2414
2120,2278,2142,1343,2461
2120,2325,2142,1343,2414
2120,2325,2142,1568,2236
2120,2217,2250,1343,2461
2120,2325,2250,1568,2128
2120,2337,2083,1343,2461
2120,2337,2142,1284,2461
2120,2337,1858,1568,2461
2120,2384,1811,1568,2461
2120,2384,1858,1568,2414
2120,2384,2083,1343,2414
2120,2384,2083,1568,2236
2120,2384,1966,1568,2353
2120,2276,2191,1568,2236
2120,2384,2142,1284,2414
2120,2384,2142,1509,2236
2120,2384,1917,1568,2402
2120,2384,2142,1343,2402
2120,2276,2025,1568,2402
2120,2276,2250,1284,2461
2120,2276,2250,1568,2177
2120,2384,2250,1568,2069
2120,2443,1811,1568,2402
2061,2335,1919,1568,2461
2120,2396,1858,1568,2402
2120,2443,1858,1509,2461
2061,2443,1858,1568,2461
2120,2443,1858,1568,2355
2061,2288,1966,1568,2461
2061,2335,1966,1568,2414
2120,2335,1966,1568,2402
2120,2335,2144,1284,2461
2061,2335,2144,1343,2461
2120,2396,2083,1343,2402
2120,2443,2083,1284,2461
2061,2443,2083,1343,2461
2120,2443,2083,1343,2355
2120,2288,2191,1284,2461
2061,2288,2191,1343,2461
2120,2335,2191,1284,2414
2061,2335,2191,1343,2414
2120,2335,2191,1343,2402
2120,2443,2191,1284,2353
2061,2443,2191,1343,2353
2120,2396,2083,1509,2236
2061,2396,2083,1568,2236
2120,2443,2083,1509,2189
2061,2443,2083,1568,2189
2120,2443,2083,1568,2177
2120,2335,2191,1509,2236
2061,2335,2191,1568,2236
2120,2335,1978,1450,2461
2061,2335,1978,1509,2461
2061,2384,1870,1568,2461
2061,2443,1870,1568,2402
2061,2443,2095,1568,2177
2061,2443,1917,1509,2461
2061,2337,1917,1568,2461
2061,2384,1917,1568,2414
2061,2396,1917,1568,2402
2061,2443,1917,1568,2355
2061,2443,2142,1284,2461
2061,2443,2142,1509,2236
2061,2337,2142,1343,2461
2061,2384,2142,1343,2414
2061,2443,2142,1343,2402
2061,2384,2142,1568,2236
2061,2396,2142,1568,2177
2061,2443,2142,1568,2130
2061,2288,2025,1509,2461
2061,2335,2025,1509,2414
2061,2335,2025,1568,2402
2061,2335,2250,1284,2461
2061,2276,2250,1343,2461
2061,2335,2250,1343,2402
2061,2443,2250,1343,2294
2061,2335,2250,1509,2236
2061,2443,2250,1509,2128
2061,2443,2250,1568,2069
2120,2335,2025,1450,2414
2120,2335,2025,1509,2402
2120,2384,1917,1509,2461
2120,2443,1917,1450,2461
2120,2443,1917,1509,2402
2120,2443,1917,1568,2343
2120,2443,2025,1450,2353
2120,2443,2142,1225,2461
2120,2443,2142,1284,2402
2120,2335,2250,1225,2461
2120,2335,2250,1284,2402
2120,2396,2142,1343,2343
2120,2443,2142,1343,2296
2120,2443,2250,1343,2235
2120,2443,2142,1450,2236
2120,2335,2250,1450,2236
2120,2443,2250,1450,2128
2120,2443,2142,1509,2177
2120,2396,2142,1568,2118
2120,2443,2142,1568,2071
2120,2443,2358,1342,2128
2120,2443,2133,1342,2353
2061,2443,2358,1460,2069
2120,2443,2299,1460,2069
2120,2443,2299,1401,2128
2120,2443,2358,1235,2235
2120,2443,2299,1235,2294
2061,2443,2133,1460,2294
2120,2443,2074,1401,2353
2120,2443,2299,1176,2353
2061,2443,2299,1235,2353
2120,2276,2358,1284,2353
2120,2335,2299,1343,2294
2120,2217,2358,1343,2353
2120,2335,2358,1450,2128
2120,2335,2133,1450,2353
2061,2335,2358,1509,2128
2120,2217,2358,1568,2128
2120,2276,2358,1568,2069
2061,2335,2358,1568,2069
2120,2335,2299,1568,2069
2061,2335,2299,1568,2128
2120,2276,2074,1568,2353
2120,2335,2133,1568,2235
2120,2335,2074,1568,2294
2120,2121,2358,1568,2177
2120,2121,2358,1343,2402
2120,2168,2358,1568,2130
2120,2168,2358,1343,2355
2120,2168,2311,1568,2177
2120,2168,2311,1343,2402
2120,2168,2133,1568,2402
2120,2276,2250,1343,2402
2120,2384,2250,1460,2177
2120,2109,2358,1568,2189
2120,2168,2358,1509,2189
2120,2109,2133,1568,2414
2120,2168,2299,1343,2414
2120,2168,2133,1509,2414
2120,2168,2074,1568,2414
2120,2062,2358,1568,2236
2120,2121,2358,1509,2236
2120,2109,2311,1568,2236
2120,2168,2311,1509,2236
2120,2168,2299,1568,2236
2120,2217,2250,1568,2236
2120,2276,2250,1509,2236
2120,2325,2250,1460,2236
2120,2384,2191,1460,2236
2120,2062,2133,1568,2461
2120,2109,2358,1343,2461
2120,2109,2086,1568,2461
2120,2121,2299,1343,2461
2120,2121,2133,1509,2461
2120,2121,2074,1568,2461
2120,2168,2358,1284,2461
2120,2168,2086,1509,2461
2120,2168,2252,1343,2461
2120,2168,2027,1568,2461
2120,2217,2358,1235,2461
2120,2276,2358,1176,2461
2120,2276,2299,1235,2461
2120,2325,2025,1460,2461
2120,2276,2191,1343,2461
2120,2276,2025,1509,2461
2120,2276,1966,1568,2461
2120,2384,1966,1460,2461
2120,2180,2358,1284,2402
2120,2180,2299,1284,2461
2061,2180,2358,1343,2402
2061,2180,2299,1343,2461
2061,2168,2358,1343,2461
2120,2227,2358,1225,2461
2120,2227,2358,1284,2355
2120,2227,2299,1284,2414
2120,2227,2311,1284,2402
2120,2227,2252,1284,2461
2061,2227,2358,1284,2461
2120,2227,2358,1343,2296
2120,2227,2311,1343,2343
2061,2227,2358,1343,2355
2061,2227,2311,1343,2402
2061,2227,2299,1343,2414
2120,2227,2299,1343,2402
2061,2227,2252,1343,2461
2120,2335,2250,1343,2343
2120,2227,2358,1568,2071
2120,2227,2133,1568,2296
2120,2227,2358,1509,2130
2120,2227,2299,1568,2130
2120,2227,2358,1450,2189
2061,2227,2358,1509,2189
2061,2227,2358,1568,2130
2061,2168,2358,1568,2189
2061,2168,2133,1568,2414
2120,2227,2133,1450,2414
2061,2227,2133,1509,2414
2120,2180,2358,1509,2177
2061,2180,2358,1568,2177
2120,2227,2311,1568,2118
2120,2335,2250,1568,2118
2120,2227,2086,1568,2343
2120,2335,2025,1568,2343
2120,2227,2311,1509,2177
2061,2227,2311,1568,2177
2120,2335,2250,1509,2177
2061,2335,2250,1568,2177
2120,2227,2133,1509,2402
2061,2227,2133,1568,2402
2120,2180,2358,1450,2236
2120,2227,2311,1450,2236
2061,2180,2358,1509,2236
2061,2227,2311,1509,2236
2120,2180,2133,1450,2461
2061,2180,2133,1509,2461
2120,2227,2086,1450,2461
2061,2227,2086,1509,2461
2120,2227,2299,1509,2236
2120,2227,2074,1509,2461
2120,2335,1966,1509,2461
2061,2168,2311,1568,2236
2061,2168,2086,1568,2461
2120,2180,2299,1568,2177
2120,2227,2252,1568,2177
2061,2227,2299,1568,2236
2120,2227,2074,1568,2402
2061,2227,2074,1568,2461
2061,2276,2250,1568,2236
2120,2335,2191,1568,2177
2061,2276,2025,1568,2461
2120,2443,2250,1235,2343
2061,2443,2250,1235,2402
2120,2443,2250,1460,2118
2061,2443,2250,1460,2177
2061,2335,2133,1460,2402
2120,2335,2358,1117,2461
2120,2335,2133,1342,2461
2120,2443,2025,1342,2461
2061,2335,2358,1401,2236
2120,2276,2133,1460,2402
2061,2335,2358,1176,2461
2061,2335,2133,1401,2461
2181,2443,2358,1126,2236
2181,2443,2250,1234,2236
2122,2227,2358,1176,2461
2122,2227,2358,1284,2353
2122,2227,2025,1509,2461
2122,2227,2250,1509,2236
2122,2443,1809,1509,2461
2122,2227,2133,1401,2461
2122,2227,2133,1509,2353
2122,2227,2358,1401,2236
2122,2227,2358,1509,2128
2181,2384,1809,1509,2461
2181,2443,1809,1450,2461
2181,2335,1917,1450,2461
2181,2227,2025,1450,2461
2181,2227,2133,1450,2353
2181,2168,2133,1509,2353
2181,2168,2250,1284,2461
2181,2168,2358,1284,2353
2181,2227,2358,1117,2461
2181,2227,2358,1225,2353
2181,2227,2358,1342,2236
2181,2227,2250,1450,2236
2181,2227,2250,1284,2402
2228,2227,2311,1117,2461
2228,2227,2311,1225,2353
2228,2443,2358,901,2461
2228,2443,2250,1009,2461
2228,2443,2358,1009,2353
2228,2443,2142,1117,2461
2228,2335,2250,1117,2461
2228,2443,2034,1225,2461
2228,2443,2142,1225,2353
2228,2335,2142,1225,2461
2228,2227,2250,1225,2461
2228,2335,2250,1225,2353
2228,2443,2250,1225,2245
2228,2335,2358,1009,2461
2228,2227,2358,1117,2414
2228,2227,2358,1225,2306
2228,2335,2358,1225,2245
2228,2443,2034,1284,2402
2169,2443,2034,1284,2461
2169,2335,2142,1284,2461
2228,2335,2142,1284,2402
2228,2443,2142,1176,2402
2228,2384,2142,1176,2461
2169,2335,2250,1176,2461
2169,2443,2142,1176,2461
2169,2443,2250,1068,2461
2228,2276,2250,1176,2461
2228,2335,2250,1176,2402
2228,2384,2250,1068,2461
2169,2180,2358,1284,2353
2169,2180,2358,1176,2461
2169,2227,2250,1284,2461
2169,2227,2311,1284,2353
2169,2227,2311,1176,2461
2169,2227,2358,1284,2306
2169,2227,2358,1176,2414
2169,2335,2358,1068,2461
2169,2443,2358,960,2461
2228,2443,2250,1068,2402
2228,2335,2358,1068,2402
2228,2276,2358,1068,2461
2228,2276,2358,1176,2353
2228,2168,2358,1176,2461
2228,2276,2142,1284,2461
2228,2168,2203,1284,2461
2228,2168,2250,1284,2414
2228,2121,2250,1284,2461
2228,2168,2311,1284,2353
2228,2168,2358,1284,2306
2228,2227,2203,1284,2402
2228,2227,2250,1284,2355
2228,2180,2250,1284,2402
2228,2227,2358,1284,2294
2169,2443,1762,1509,2461
2169,2227,1978,1509,2461
2169,2227,2203,1509,2236
2169,2227,2086,1401,2461
2169,2227,2311,1401,2236
2169,2227,2311,1509,2128
2169,2227,2086,1509,2353
2169,2443,2133,1185,2461
2169,2443,2358,1185,2236
2169,2443,2250,1293,2236
2169,2443,2250,1401,2128
2169,2443,2142,1401,2236
2169,2443,2133,1401,2245
2169,2443,2025,1293,2461
2169,2335,2025,1401,2461
2169,2335,2358,1401,2128
2169,2443,1917,1401,2461
2169,2443,1809,1509,2414
2169,2396,1809,1509,2461
2169,2443,1917,1509,2353
2169,2443,2034,1509,2236
2169,2335,2142,1509,2236
2169,2335,1917,1509,2461
2169,2227,2025,1509,2414
2169,2335,2025,1509,2353
2169,2180,2025,1509,2461
2169,2227,2250,1509,2189
2169,2180,2250,1509,2236
2169,2335,2250,1401,2236
2169,2335,2358,1293,2236
2169,2227,2358,1401,2189
2169,2180,2358,1401,2236
2169,2227,2358,1509,2081
2169,2180,2358,1509,2128
2169,2335,2133,1293,2461
2169,2227,2133,1401,2414
2169,2180,2133,1401,2461
2169,2335,2133,1509,2245
2169,2227,2133,1509,2306
2169,2180,2133,1509,2353
2228,2443,1762,1450,2461
2228,2384,1762,1509,2461
2228,2335,1870,1450,2461
2228,2443,1809,1450,2414
2228,2396,1809,1450,2461
2228,2335,1917,1450,2414
2228,2443,1809,1509,2402
2228,2384,1809,1509,2414
2228,2337,1809,1509,2461
2228,2443,1917,1401,2402
2228,2276,1917,1509,2461
2228,2443,1917,1450,2353
2228,2335,2025,1450,2353
2228,2276,2025,1509,2353
2228,2443,2025,1293,2402
2228,2335,2025,1401,2402
2228,2335,2025,1342,2461
2228,2384,2025,1293,2461
2228,2443,2203,1234,2236
2228,2443,2142,1342,2236
2228,2384,2142,1401,2236
2228,2443,2142,1401,2177
2228,2443,2034,1450,2236
2228,2276,2142,1509,2236
2228,2335,2142,1450,2236
2228,2335,2142,1509,2177
2228,2384,2142,1509,2128
2228,2443,2142,1450,2128
2228,2396,2250,1234,2236
2228,2335,2250,1342,2236
2228,2384,2250,1293,2236
2228,2335,2250,1401,2177
2228,2443,2311,1126,2236
2228,2227,2311,1342,2236
2228,2227,2203,1450,2236
2228,2227,2086,1450,2353
2228,2227,1978,1450,2461
2228,2168,2086,1509,2353
2228,2227,2133,1342,2461
2228,2227,2025,1450,2414
2228,2227,2250,1450,2189
2228,2227,2358,1450,2128
2228,2335,2133,1234,2461
2228,2335,2358,1234,2236
2228,2335,2133,1342,2353
2228,2335,2358,1342,2128
2228,2335,2250,1450,2128
2228,2396,2358,1126,2236
2228,2443,2133,1126,2461
2228,2443,2133,1234,2353
2228,2443,2025,1234,2461
2228,2443,2358,1234,2128
2228,2443,1917,1342,2461
2228,2335,2358,1450,2020
2228,2384,2133,1185,2461
2228,2276,2133,1293,2461
2228,2335,2133,1293,2402
2228,2384,2358,1185,2236
2228,2443,2250,1293,2177
2228,2335,2358,1293,2177
2228,2276,2250,1401,2236
2228,2168,2133,1401,2461
2228,2168,2133,1509,2306
2228,2276,2133,1509,2245
2228,2276,2358,1509,2020
2228,2335,1917,1509,2402
2228,2227,2358,1401,2177
2228,2227,2025,1509,2402
2228,2227,2133,1509,2294
2228,2227,2250,1509,2177
2169,2396,1975,1343,2461
2228,2396,2034,1343,2343
2169,2396,2034,1343,2402
2228,2278,1809,1568,2461
2228,2396,1750,1568,2402
2228,2396,1809,1568,2343
2169,2396,1809,1568,2402
2169,2396,1975,1568,2236
2169,2337,2034,1568,2236
2169,2396,2034,1568,2177
2122,2443,1975,1343,2461
2181,2443,1750,1568,2402
2122,2443,1975,1568,2236
2181,2443,2034,1343,2343
2122,2443,2034,1343,2402
2181,2443,1809,1568,2343
2122,2443,1809,1568,2402
2181,2325,1809,1568,2461
2122,2443,2034,1568,2177
2122,2384,2034,1568,2236
2169,2443,1809,1568,2355
2169,2443,1975,1343,2414
2169,2443,1975,1568,2189
2169,2443,2034,1343,2355
2169,2384,2034,1568,2189
2169,2443,1762,1568,2402
2169,2443,1750,1568,2461
2169,2384,2034,1343,2461
2169,2384,1809,1568,2461
2169,2443,2083,1568,2128
2169,2443,2083,1460,2236
2169,2335,2083,1568,2236
2169,2443,1858,1460,2461
2169,2443,2083,1235,2461
2169,2443,1858,1568,2353
2169,2335,2083,1343,2461
2169,2335,1858,1568,2461
2169,2443,1917,1460,2402
2169,2335,1917,1568,2402
2169,2384,1917,1460,2461
2169,2276,1917,1568,2461
2169,2276,2142,1343,2461
2169,2443,2142,1460,2177
2169,2335,2142,1568,2177
2169,2384,2142,1460,2236
2169,2384,2142,1568,2128
2169,2276,2142,1568,2236
2228,2443,2083,1343,2294
2228,2443,2083,1284,2353
2228,2384,2083,1343,2353
2228,2325,2142,1343,2353
2228,2443,2034,1343,2296
2228,2443,2142,1235,2343
2228,2335,2142,1343,2343
2228,2443,1975,1343,2402
2228,2384,2034,1343,2402
2228,2443,2083,1235,2402
2228,2335,2083,1343,2402
2228,2276,2142,1343,2402
2228,2443,1975,1284,2461
2228,2384,1975,1343,2461
2228,2384,2034,1284,2461
2228,2325,2034,1343,2461
2228,2443,2083,1176,2461
2228,2384,2083,1235,2461
2228,2335,2083,1284,2461
2228,2276,2083,1343,2461
2228,2384,2142,1235,2402
2228,2325,2142,1235,2461
2228,2217,2142,1343,2461
2228,2443,1858,1401,2461
2228,2384,1858,1460,2461
2228,2443,1917,1460,2343
2228,2384,1917,1460,2402
2228,2384,1917,1401,2461
2228,2325,1917,1460,2461
2228,2443,1703,1568,2402
2228,2443,1858,1568,2294
2228,2443,1750,1568,2355
2228,2443,1750,1509,2461
2228,2384,1750,1568,2461
2228,2335,1858,1568,2402
2228,2335,1858,1509,2461
2228,2276,1858,1568,2461
2228,2443,1762,1568,2343
2228,2443,1809,1568,2296
2228,2276,1917,1568,2402
2228,2325,1762,1568,2461
2228,2325,1809,1568,2414
2228,2217,1917,1568,2461
2228,2384,1809,1568,2402
2228,2384,2034,1509,2236
2228,2217,2142,1568,2236
2228,2325,2142,1460,2236
2228,2325,2034,1568,2236
2228,2276,2142,1568,2177
2228,2384,2034,1568,2177
2228,2384,1975,1568,2236
2228,2384,2083,1460,2236
2228,2335,2083,1568,2177
2228,2335,2083,1509,2236
2228,2443,1975,1568,2177
2228,2443,1975,1509,2236
2228,2443,2034,1509,2177
2228,2443,2034,1568,2118
2228,2443,2083,1460,2177
2228,2443,2083,1509,2128
2228,2443,2083,1568,2069
2228,2276,2025,1401,2461
2228,2335,2191,1509,2128
2228,2335,1966,1509,2353
2228,2443,2191,1343,2186
2228,2443,1966,1568,2186
2228,2384,2191,1343,2245
2228,2384,2191,1235,2353
2228,2276,2191,1460,2236
2228,2276,2191,1235,2461
2228,2276,1966,1460,2461
2228,2335,2191,1460,2177
2228,2443,2191,1352,2177
2228,2443,1858,1460,2402
2169,2335,1966,1460,2461
2169,2443,1966,1352,2461
2169,2335,2191,1235,2461
2228,2217,2250,1235,2461
2228,2276,2025,1460,2402
2228,2276,2250,1460,2177
2228,2276,2250,1235,2402
2169,2276,2250,1235,2461
2228,2335,2250,1235,2343
2169,2335,2250,1235,2402
2228,2335,2025,1460,2343
2169,2335,2025,1460,2402
2228,2335,2250,1460,2118
2169,2335,2250,1460,2177
2228,2384,2250,1127,2402
2169,2384,2250,1127,2461
2228,2384,2025,1352,2402
2169,2384,2025,1352,2461
2169,2384,2250,1352,2236
2228,2384,2250,1352,2177
2228,2443,2025,1352,2343
2169,2443,2025,1352,2402
2228,2384,2142,1460,2177
2169,2384,2142,1235,2461
2228,2335,2025,1568,2235
2228,2335,2250,1343,2235
2169,2335,2250,1343,2294
2169,2384,2025,1568,2245
2169,2443,2142,1568,2069
2228,2325,2250,1460,2128
2169,2276,2025,1460,2461
2169,2276,2086,1352,2461
2169,2229,2133,1352,2461
2169,2276,2133,1352,2414
2122,2276,2133,1352,2461
2169,2276,2133,1460,2353
2169,2335,2133,1460,2294
2169,2335,2191,1460,2236
2169,2276,2250,1460,2236
2169,2276,2311,1352,2236
2169,2229,2358,1352,2236
2169,2276,2358,1352,2189
2122,2276,2358,1352,2236
2169,2276,2358,1235,2353
2169,2335,2358,1235,2294
2169,2335,2358,1460,2069
2169,2227,2252,1235,2461
2169,2168,2311,1235,2461
2169,2227,2311,1235,2402
2169,2227,2191,1343,2461
2169,2335,2142,1343,2402
2169,2168,2250,1343,2461
2169,2276,2250,1343,2353
2169,2227,2250,1343,2402
2169,2227,1966,1568,2461
2169,2227,2191,1568,2236
2169,2168,2025,1568,2461
2169,2227,2025,1568,2402
2169,2168,2250,1568,2236
2169,2227,2250,1568,2177
2169,2227,2133,1460,2402
2169,2335,2133,1568,2186
2169,2227,2133,1568,2294
2169,2227,2358,1235,2355
2169,2227,2358,1460,2177
2169,2180,2358,1235,2402
2122,2227,2358,1235,2402
2169,2227,2358,1343,2294
2169,2335,2358,1568,1961
2169,2227,2358,1568,2069
2169,2335,2299,1343,2245
2169,2227,2074,1460,2461
2169,2227,2074,1568,2353
2169,2227,2299,1235,2414
2169,2180,2299,1235,2461
2122,2227,2299,1235,2461
2169,2227,2299,1343,2353
2169,2227,2299,1460,2236
2169,2227,2299,1568,2128
2169,2168,2358,1235,2414
2122,2168,2358,1235,2461
2169,2168,2133,1460,2461
2169,2168,2358,1460,2236
2169,2168,2358,1343,2353
2169,2276,2133,1568,2245
2169,2168,2133,1568,2353
2169,2276,2358,1568,2020
2169,2168,2358,1568,2128
2169,2443,2358,1352,2069
2169,2443,2133,1460,2186
2169,2443,2133,1352,2294
2169,2384,2358,1460,2020
2169,2443,2299,1352,2128
2169,2384,2358,1352,2128
2169,2443,2074,1352,2353
2169,2443,2299,1127,2353
2169,2443,2191,1127,2461
2169,2443,2191,1352,2236
2169,2443,2250,1127,2402
2169,2443,2250,1352,2177
2169,2443,2142,1235,2402
2169,2443,2252,1019,2461
2169,2384,2311,1019,2461
2169,2443,2311,1019,2402
2169,2396,2299,1019,2461
2169,2443,2299,1019,2414
2122,2443,2299,1019,2461
2169,2337,2358,1019,2461
2169,2384,2358,1019,2414
2122,2384,2358,1019,2461
2169,2396,2358,1019,2402
2169,2443,2358,1019,2355
2122,2443,2358,1019,2402
2169,2335,2299,1127,2461
2169,2276,2358,1127,2461
2169,2335,2358,1127,2402
2169,2384,2086,1244,2461
2169,2384,2311,1244,2236
2169,2337,2133,1244,2461
2169,2384,2133,1244,2414
2122,2384,2133,1244,2461
2169,2337,2358,1244,2236
2169,2384,2358,1244,2189
2122,2384,2358,1244,2236
2169,2443,2086,1244,2402
2169,2396,2074,1244,2461
2169,2443,2074,1244,2414
2122,2443,2074,1244,2461
2169,2443,2133,1244,2355
2169,2396,2133,1244,2402
2122,2443,2133,1244,2402
2169,2443,2252,1244,2236
2169,2443,2299,1244,2189
2169,2396,2299,1244,2236
2122,2443,2299,1244,2236
2169,2443,2311,1244,2177
2169,2443,2358,1244,2130
2169,2396,2358,1244,2177
2122,2443,2358,1244,2177
2169,2335,2299,1352,2236
2169,2335,2358,1352,2177
2169,2335,2133,1352,2402
2169,2335,2074,1352,2461
2228,2396,2299,960,2461
2228,2384,2358,960,2461
2228,2443,2252,960,2461
2228,2443,2299,960,2414
2181,2443,2299,960,2461
2228,2443,2358,960,2402
2228,2278,2358,1019,2461
2228,2337,2299,1019,2461
2228,2337,2358,1019,2402
2228,2396,2299,1019,2402
2228,2396,2358,1019,2343
2228,2325,2311,1019,2461
2228,2325,2358,1019,2414
2181,2325,2358,1019,2461
2228,2384,2311,1019,2402
2228,2384,2358,1019,2355
2181,2384,2358,1019,2402
2228,2384,2252,1019,2461
2228,2384,2299,1019,2414
2181,2384,2299,1019,2461
2228,2443,2252,1019,2402
2228,2443,2311,1019,2343
2228,2443,2299,1019,2355
2181,2443,2299,1019,2402
2228,2443,2358,1019,2296
2181,2443,2358,1019,2343
2228,2396,2074,1185,2461
2228,2396,2299,1185,2236
2228,2443,2074,1185,2414
2181,2443,2074,1185,2461
2228,2443,2252,1185,2236
2228,2443,2299,1185,2189
2181,2443,2299,1185,2236
2228,2443,2133,1185,2402
2228,2443,2358,1185,2177
2228,2278,2133,1244,2461
2228,2278,2358,1244,2236
2228,2325,2086,1244,2461
2228,2325,2133,1244,2414
2181,2325,2133,1244,2461
2228,2325,2311,1244,2236
2228,2325,2358,1244,2189
2181,2325,2358,1244,2236
2228,2337,2074,1244,2461
2228,2337,2299,1244,2236
2228,2384,2074,1244,2414
2181,2384,2074,1244,2461
2228,2384,2133,1244,2402
2228,2384,2252,1244,2236
2228,2384,2299,1244,2189
2181,2384,2299,1244,2236
2228,2384,2358,1244,2177
2228,2396,2074,1244,2402
2228,2396,2299,1244,2177
2228,2396,2133,1244,2343
2228,2396,2358,1244,2118
2228,2443,2074,1244,2355
2181,2443,2074,1244,2402
2228,2443,2252,1244,2177
2228,2443,2299,1244,2130
2181,2443,2299,1244,2177
2228,2443,2086,1244,2343
2228,2443,2311,1244,2118
2228,2443,2133,1244,2296
2181,2443,2133,1244,2343
2181,2443,2358,1244,2118
2228,2443,2191,1068,2461
2228,2384,2191,1127,2461
2228,2443,2191,1127,2402
2228,2443,2299,1127,2294
2228,2325,2250,1127,2461
2228,2443,2250,1127,2343
2228,2325,2358,1127,2353
2228,2443,1966,1293,2461
2228,2443,2074,1293,2353
2228,2443,2299,1293,2128
2228,2325,2025,1352,2461
2228,2325,2358,1352,2128
2228,2384,1966,1352,2461
2228,2443,1966,1352,2402
2228,2384,2191,1352,2236
2228,2443,2299,1352,2069
2228,2443,2250,1352,2118
2228,2276,2358,1293,2236
2228,2276,2358,1127,2402
2228,2276,2133,1352,2402
2228,2276,2358,1352,2177
2228,2335,2074,1401,2353
2228,2335,2191,1176,2461
2228,2335,1966,1401,2461
2228,2335,2358,1235,2235
2228,2335,2299,1460,2069
2228,2335,2074,1460,2294
2228,2276,2299,1235,2353
2228,2217,2358,1460,2128
2228,2217,2358,1235,2353
2228,2217,2250,1460,2236
2228,2335,2191,1235,2402
2228,2335,2299,1068,2461
2228,2443,2299,1176,2245
2228,2335,2074,1293,2461
2228,2335,2299,1293,2236
2228,2335,2191,1401,2236
2228,2443,2191,1293,2236
2228,2443,2083,1401,2236
2228,2168,2358,1509,2128
2228,2168,2358,1401,2236
2228,2168,2250,1509,2236
2228,2168,2025,1509,2461
2228,2180,2299,1176,2461
2228,2180,2074,1401,2461
2228,2180,2299,1401,2236
2228,2180,2191,1284,2461
2228,2180,2299,1284,2353
2228,2180,1966,1509,2461
2228,2180,2074,1509,2353
2228,2180,2191,1509,2236
2228,2180,2299,1509,2128
2228,2227,2299,1284,2306
2228,2227,2252,1284,2353
2181,2227,2299,1284,2353
2228,2335,2299,1284,2245
2228,2227,2358,1176,2402
2228,2227,2191,1284,2414
2228,2227,2299,1176,2414
2228,2227,2252,1176,2461
2181,2227,2299,1176,2461
2228,2227,2144,1284,2461
2181,2227,2191,1284,2461
2228,2227,2358,1509,2069
2228,2227,2133,1401,2402
2228,2335,2299,1401,2128
2228,2335,2299,1509,2020
2228,2227,2299,1401,2189
2228,2227,2074,1401,2414
2228,2227,2252,1401,2236
2181,2227,2299,1401,2236
2228,2227,2027,1401,2461
2181,2227,2074,1401,2461
2228,2227,2299,1509,2081
2228,2227,2252,1509,2128
2181,2227,2299,1509,2128
2228,2227,2191,1509,2189
2228,2227,2144,1509,2236
2181,2227,2191,1509,2236
2228,2227,2074,1509,2306
2228,2227,2027,1509,2353
2181,2227,2074,1509,2353
2228,2227,1966,1509,2414
2228,2227,1919,1509,2461
2181,2227,1966,1509,2461
2228,2062,2358,1460,2236
2228,2109,2358,1460,2189
2228,2109,2311,1460,2236
2181,2109,2358,1460,2236
2228,2168,2358,1460,2130
2228,2168,2311,1460,2177
2181,2168,2358,1460,2177
2228,2109,2358,1568,2128
2228,2109,2250,1568,2236
2228,2217,2358,1568,2020
2228,2168,2358,1568,2069
2228,2168,2250,1568,2177
2228,2217,2358,1352,2236
2228,2335,2358,1352,2118
2228,2335,2299,1352,2177
2228,2276,2299,1352,2236
2228,2121,2299,1460,2236
2228,2168,2252,1460,2236
2228,2168,2299,1460,2189
2181,2168,2299,1460,2236
2228,2227,2311,1460,2118
2228,2227,2252,1460,2177
2228,2227,2358,1460,2071
2228,2227,2299,1460,2130
2228,2180,2299,1460,2177
2181,2227,2299,1460,2177
2181,2227,2358,1460,2118
2228,2168,2191,1568,2236
2228,2168,2299,1568,2128
2228,2227,2191,1568,2177
2228,2227,2250,1568,2118
2228,2227,2299,1568,2069
2228,2227,2358,1568,2010
2228,2276,2083,1568,2236
2228,2335,2191,1568,2069
2228,2443,2142,1460,2118
2228,2335,2142,1568,2118
2228,2227,2133,1568,2235
2228,2227,2358,1343,2235
2228,2335,1917,1568,2343
2228,2227,2025,1568,2343
2228,2227,2133,1460,2343
2228,2227,2250,1343,2296
2228,2227,2358,1235,2296
2228,2227,2203,1343,2343
2181,2227,2250,1343,2343
2228,2227,2311,1235,2343
2181,2227,2358,1235,2343
2228,2335,2133,1352,2343
2228,2335,2358,1127,2343
2228,2335,2299,1343,2186
2228,2335,2074,1568,2186
2228,2443,2074,1460,2186
2228,2443,2074,1352,2294
2228,2335,1966,1460,2402
2228,2227,2027,1460,2402
2228,2227,2144,1343,2402
2228,2227,2252,1235,2402
2228,2227,2252,1343,2294
2228,2227,1966,1568,2402
2228,2335,2074,1352,2402
2228,2180,2074,1460,2402
2228,2227,2074,1460,2355
2181,2227,2074,1460,2402
2228,2227,2074,1568,2294
2228,2180,2191,1343,2402
2228,2227,2191,1343,2355
2181,2227,2191,1343,2402
2228,2335,2299,1127,2402
2228,2180,2299,1235,2402
2228,2227,2299,1235,2355
2181,2227,2299,1235,2402
2228,2180,2299,1343,2294
2228,2227,2299,1343,2247
2181,2227,2299,1343,2294
2228,2168,2025,1568,2402
2228,2168,2311,1235,2402
2228,2168,2358,1235,2355
2181,2168,2358,1235,2402
2228,2168,2086,1460,2402
2228,2121,2133,1460,2402
2228,2168,2133,1460,2355
2181,2168,2133,1460,2402
2228,2168,2133,1568,2294
2228,2217,2358,1127,2461
2228,2276,2299,1127,2461
2228,2276,2074,1352,2461
2228,2217,2133,1352,2461
2228,2384,2074,1352,2353
2228,2121,2299,1235,2461
2228,2121,2074,1460,2461
2228,2062,2133,1460,2461
2228,2109,2086,1460,2461
2228,2109,2311,1235,2461
2228,2109,2133,1460,2414
2181,2109,2133,1460,2461
2228,2109,2358,1235,2414
2181,2109,2358,1235,2461
2228,2217,2025,1460,2461
2228,2168,2252,1235,2461
2228,2168,2299,1235,2414
2181,2168,2299,1235,2461
2228,2168,2027,1460,2461
2228,2168,2074,1460,2414
2181,2168,2074,1460,2461
2228,2168,2144,1343,2461
2228,2168,2252,1343,2353
2228,2121,2191,1343,2461
2228,2121,2299,1343,2353
2228,2168,1966,1568,2461
2228,2168,2191,1343,2414
2181,2168,2191,1343,2461
2228,2168,2074,1568,2353
2228,2168,2299,1343,2306
2181,2168,2299,1343,2353
2228,2384,2074,1460,2245
2228,2109,2025,1568,2461
2228,2109,2133,1568,2353
2228,2217,2133,1568,2245
2228,2109,2203,1343,2461
2228,2109,2250,1343,2414
2181,2109,2250,1343,2461
2228,2217,2250,1343,2353
2228,2168,2250,1343,2402
2228,2062,2358,1343,2353
2228,2109,2311,1343,2353
2228,2109,2358,1343,2306
2181,2109,2358,1343,2353
2228,2217,2358,1343,2245
2228,2168,2358,1343,2294
2228,2100,2475,1568,1973
2120,2100,2475,1568,2081
2181,2100,2475,1568,2020
2228,2100,2428,1568,2020
2228,2053,2475,1568,2020
2073,2100,2475,1568,2128
2120,2100,2428,1568,2128
2120,2053,2475,1568,2128
2228,2100,2367,1568,2128
2228,1992,2475,1568,2128
2228,2100,2475,1460,2128
2228,2100,2259,1568,2189
2120,2100,2367,1568,2189
2228,2100,2367,1460,2189
2228,2100,2475,1352,2189
2073,2100,2367,1568,2236
2120,2100,2320,1568,2236
2120,2053,2367,1568,2236
2120,1992,2475,1568,2236
2120,2100,2475,1460,2236
2181,2100,2259,1568,2236
2228,2053,2259,1568,2236
2228,2100,2320,1460,2236
2181,2100,2367,1460,2236
2228,2053,2367,1460,2236
2228,2100,2428,1352,2236
2228,1992,2367,1568,2236
2181,2100,2475,1352,2236
2228,1992,2475,1460,2236
2228,2053,2475,1352,2236
2228,1992,2250,1568,2353
2003,1992,2475,1568,2353
2228,1992,2475,1343,2353
2003,2100,2475,1568,2198
2228,2100,2475,1343,2198
2228,2100,2142,1568,2306
2228,2100,2367,1343,2306
2228,2100,2250,1460,2306
2228,2100,2475,1235,2306
1956,2100,2475,1568,2245
2181,2100,2250,1568,2245
2181,2100,2475,1343,2245
2228,2100,2203,1568,2245
2228,2053,2250,1568,2245
2003,2100,2428,1568,2245
2003,2053,2475,1568,2245
2228,2100,2428,1343,2245
2228,2053,2475,1343,2245
2181,2100,2142,1568,2353
2228,2053,2142,1568,2353
2181,2100,2367,1343,2353
2228,2100,2320,1343,2353
2228,2053,2367,1343,2353
2181,2100,2250,1460,2353
2181,2100,2475,1235,2353
2228,2100,2203,1460,2353
2228,2100,2428,1235,2353
2228,2053,2250,1460,2353
2228,2053,2475,1235,2353
1895,2100,2475,1568,2306
2120,2100,2250,1568,2306
2120,2100,2475,1343,2306
2003,2100,2367,1568,2353
2073,2100,2250,1568,2353
2120,2100,2203,1568,2353
2120,2053,2250,1568,2353
1848,2100,2475,1568,2353
2073,2100,2475,1343,2353
1895,2100,2428,1568,2353
1895,2053,2475,1568,2353
2003,2100,2475,1460,2353
2120,2100,2428,1343,2353
2120,2053,2475,1343,2353
2120,2100,2142,1568,2414
1895,2100,2367,1568,2414
1895,2100,2475,1460,2414
2120,2100,2367,1343,2414
2120,1992,2475,1343,2414
2120,2100,2475,1235,2414
2003,2100,2259,1568,2414
2228,2100,2034,1568,2414
2228,2100,2259,1343,2414
2228,2100,2142,1460,2414
2003,1992,2475,1460,2414
2003,2100,2475,1352,2414
1848,2100,2367,1568,2461
2073,2100,2142,1568,2461
2073,2100,2367,1343,2461
2120,2100,2095,1568,2461
1895,2100,2320,1568,2461
2120,2053,2142,1568,2461
1895,2053,2367,1568,2461
2120,2053,2367,1343,2461
2228,2100,2095,1460,2461
2181,2100,2034,1568,2461
2228,2053,2034,1568,2461
2181,2100,2142,1460,2461
2228,2053,2142,1460,2461
1956,2100,2259,1568,2461
2181,2100,2259,1343,2461
2003,2053,2259,1568,2461
2228,2053,2259,1343,2461
2120,1992,2250,1568,2461
2120,2100,2250,1460,2461
2228,1992,2142,1568,2461
2228,1992,2250,1460,2461
2228,2100,2250,1352,2461
1956,1992,2475,1460,2461
2073,1992,2475,1343,2461
1848,2100,2475,1460,2461
1956,2100,2475,1352,2461
2073,2100,2475,1235,2461
2003,1992,2367,1568,2461
2228,1992,2367,1343,2461
2003,2100,2367,1460,2461
2228,2100,2367,1235,2461
1895,1992,2475,1568,2461
2003,1992,2428,1460,2461
2003,1945,2475,1460,2461
1895,2100,2428,1460,2461
1895,2053,2475,1460,2461
2003,2100,2428,1352,2461
2003,2053,2475,1352,2461
2120,1992,2428,1343,2461
2120,1945,2475,1343,2461
2120,2100,2428,1235,2461
2120,2053,2475,1235,2461
2228,1992,2475,1235,2461
2228,2100,2475,1127,2461
1731,2217,2367,1568,2461
1956,2217,2367,1343,2461
1731,2325,2367,1460,2461
2181,2325,2475,1568,1795
2181,2217,2475,1568,1903
1848,2325,2475,1568,2128
1956,2325,2475,1352,2236
1848,2325,2475,1460,2236
1848,2217,2475,1568,2236
1956,2217,2475,1460,2236
2073,2217,2475,1343,2236
2073,2325,2475,1235,2236
1956,2325,2475,1235,2353
1848,2325,2475,1343,2353
1731,2325,2475,1460,2353
1623,2325,2475,1568,2353
1848,2325,2367,1343,2461
1623,2325,2367,1568,2461
2120,2278,2475,1235,2236
2003,2278,2475,1235,2353
2120,2170,2475,1343,2236
2003,2170,2367,1343,2461
1895,2278,2475,1343,2353
1895,2278,2367,1343,2461
1778,2278,2475,1460,2353
1895,2278,2475,1568,2128
1670,2278,2475,1568,2353
2003,2278,2475,1352,2236
1895,2278,2475,1460,2236
1778,2278,2367,1460,2461
1895,2170,2475,1568,2236
2003,2170,2475,1460,2236
1778,2170,2367,1568,2461
1670,2278,2367,1568,2461
2228,2278,2475,1568,1795
2228,2170,2475,1568,1903
2228,2325,2475,1568,1748
2228,2325,2428,1568,1795
2228,2325,2475,1343,2020
2003,2325,2475,1568,2020
2003,2325,2475,1343,2245
1778,2325,2475,1568,2245
2228,2217,2475,1568,1856
2003,2325,2475,1235,2306
1778,2325,2475,1460,2306
2228,2217,2428,1568,1903
2003,2217,2475,1568,2128
2003,2325,2367,1568,2128
2003,2325,2475,1460,2128
2228,2325,2475,1235,2128
2228,2325,2367,1343,2128
2228,2217,2475,1343,2128
2003,2325,2367,1343,2353
1778,2325,2367,1568,2353
2003,2217,2475,1343,2353
1778,2217,2475,1568,2353
2003,2325,2428,1235,2353
1778,2325,2428,1460,2353
2228,2325,2259,1568,2011
2120,2325,2367,1568,2011
2003,2325,2367,1460,2236
2228,2325,2367,1235,2236
2003,2325,2259,1568,2236
1895,2325,2367,1568,2236
2228,2325,2259,1343,2236
2120,2325,2367,1343,2236
1895,2325,2475,1568,2081
1895,2325,2428,1568,2128
2228,2325,2475,1460,1903
2228,2325,2367,1568,1903
2120,2325,2475,1568,1903
2120,2325,2475,1343,2128
2228,2217,2367,1568,2011
2228,2325,2367,1460,2011
2120,2325,2475,1460,2011
2228,2325,2475,1352,2011
2120,2217,2475,1568,2011
2228,2217,2475,1460,2011
1895,2325,2475,1460,2189
2003,2325,2475,1352,2189
1895,2217,2475,1568,2189
2003,2217,2475,1460,2189
2120,2325,2475,1235,2189
2120,2217,2475,1343,2189
1895,2325,2428,1460,2236
2003,2325,2428,1352,2236
1895,2217,2428,1568,2236
2003,2217,2428,1460,2236
2003,2217,2367,1568,2236
2120,2325,2428,1235,2236
2120,2217,2428,1343,2236
2228,2217,2367,1343,2236
2228,2325,2475,1127,2236
2228,2325,2250,1352,2236
2228,2217,2475,1235,2236
2003,2325,2475,1127,2461
2003,2217,2475,1235,2461
2003,2325,2367,1235,2461
1778,2325,2367,1460,2414
1778,2325,2475,1352,2461
1778,2217,2475,1460,2461
1778,2325,2320,1460,2461
1670,2325,2475,1568,2306
1670,2325,2428,1568,2353
1895,2325,2475,1343,2306
1895,2325,2428,1343,2353
1670,2325,2475,1460,2461
1670,2325,2367,1568,2414
1670,2217,2475,1568,2461
1670,2325,2320,1568,2461
1895,2325,2475,1235,2461
1895,2325,2367,1343,2414
1895,2217,2475,1343,2461
1895,2325,2320,1343,2461
1895,2325,2142,1568,2461
2003,2217,2367,1343,2414
1778,2217,2367,1568,2414
1778,2217,2320,1568,2461
1778,2325,2259,1568,2461
2003,2325,2259,1343,2461
2003,2325,2034,1568,2461
2003,2276,2428,1284,2353
2003,2229,2367,1284,2461
2003,2229,2475,1284,2353
2003,2276,2475,1509,2128
2003,2276,2475,1284,2306
1956,2276,2475,1284,2353
1778,2276,2475,1509,2353
2003,2276,2367,1284,2414
2003,2276,2367,1509,2236
2003,2276,2475,1401,2236
1895,2276,2475,1509,2236
1956,2276,2367,1284,2461
1778,2276,2367,1509,2461
2003,2276,2475,1176,2461
1895,2276,2475,1284,2461
1778,2276,2475,1401,2461
1670,2276,2475,1509,2461
2003,2384,2475,1293,2189
2003,2384,2475,1509,2020
2003,2384,2367,1509,2128
1895,2384,2475,1509,2128
1895,2384,2367,1509,2236
2003,2384,2259,1509,2236
2003,2384,2428,1293,2236
2003,2337,2475,1293,2236
1895,2384,2475,1401,2236
1956,2384,2475,1293,2236
1778,2384,2367,1509,2353
2003,2384,2475,1284,2198
1670,2384,2475,1509,2306
2003,2384,2428,1284,2245
2003,2337,2475,1284,2245
1956,2384,2475,1284,2245
1778,2384,2475,1509,2245
1670,2384,2428,1509,2353
1670,2337,2475,1509,2353
1778,2384,2475,1401,2353
1895,2384,2475,1284,2353
1623,2384,2475,1509,2353
2003,2384,2475,1176,2353
2003,2384,2367,1284,2353
2003,2384,2475,1068,2414
2003,2337,2475,1068,2461
2003,2384,2428,1068,2461
1956,2384,2475,1068,2461
1778,2384,2475,1293,2414
1778,2337,2475,1293,2461
1778,2384,2428,1293,2461
1731,2384,2475,1293,2461
1778,2384,2367,1401,2461
1895,2384,2475,1176,2414
2003,2384,2367,1176,2461
1895,2337,2475,1176,2461
1895,2384,2428,1176,2461
1848,2384,2475,1176,2461
1670,2384,2475,1401,2461
2003,2384,2259,1284,2414
2003,2337,2259,1284,2461
1956,2384,2259,1284,2461
1895,2384,2367,1284,2461
1778,2384,2259,1509,2414
1778,2337,2259,1509,2461
1778,2384,2212,1509,2461
1731,2384,2259,1509,2461
1670,2384,2367,1509,2461
2228,2159,2367,1176,2414
2228,2112,2367,1176,2461
2181,2159,2367,1176,2461
2228,2276,2367,1284,2189
2228,2384,2259,1284,2189
2228,2051,2367,1284,2414
2228,2159,2259,1284,2414
2228,2229,2367,1284,2236
2228,2337,2259,1284,2236
2181,2384,2259,1284,2236
2181,2276,2367,1284,2236
2228,2159,2212,1284,2461
2228,2112,2259,1284,2461
2181,2159,2259,1284,2461
2228,2051,2320,1284,2461
2228,2004,2367,1284,2461
2181,2051,2367,1284,2461
2228,2384,2428,1068,2236
2228,2159,2428,1068,2461
2120,2384,2428,1176,2236
2120,2159,2428,1176,2461
2228,2384,2475,1068,2189
2228,2337,2475,1068,2236
2181,2384,2475,1068,2236
2228,2159,2475,1068,2414
2228,2112,2475,1068,2461
2181,2159,2475,1068,2461
2120,2384,2475,1176,2189
2120,2159,2475,1176,2414
2120,2337,2475,1176,2236
2073,2384,2475,1176,2236
2120,2112,2475,1176,2461
2073,2159,2475,1176,2461
2228,2276,2428,1176,2236
2228,2051,2428,1176,2461
2228,2384,2475,1176,2128
2228,2276,2475,1176,2189
2228,2229,2475,1176,2236
2181,2276,2475,1176,2236
2228,2384,2367,1176,2236
2228,2051,2475,1176,2414
2228,2159,2475,1176,2353
2228,2004,2475,1176,2461
2181,2051,2475,1176,2461
2228,2384,2367,1284,2128
2228,2159,2367,1284,2353
2228,2384,2475,1284,1973
2228,2337,2475,1284,2020
2228,2384,2428,1284,2020
2181,2384,2475,1284,2020
2228,2159,2475,1284,2198
2228,2112,2475,1284,2245
2228,2159,2428,1284,2245
2181,2159,2475,1284,2245
2228,2276,2475,1284,2081
2228,2051,2475,1284,2306
2228,2229,2475,1284,2128
2228,2276,2428,1284,2128
2181,2276,2475,1284,2128
2228,2004,2475,1284,2353
2228,2051,2428,1284,2353
2181,2051,2475,1284,2353
2120,2384,2367,1284,2189
2120,2159,2367,1284,2414
2120,2384,2475,1284,2081
2120,2276,2475,1284,2189
2120,2159,2475,1284,2306
2120,2051,2475,1284,2414
2120,2337,2475,1284,2128
2120,2384,2428,1284,2128
2073,2384,2475,1284,2128
2120,2159,2428,1284,2353
2120,2112,2475,1284,2353
2073,2159,2475,1284,2353
2120,2337,2367,1284,2236
2073,2384,2367,1284,2236
2120,2229,2475,1284,2236
2120,2276,2428,1284,2236
2073,2276,2475,1284,2236
2120,2112,2367,1284,2461
2073,2159,2367,1284,2461
2120,2004,2475,1284,2461
2120,2051,2428,1284,2461
2073,2051,2475,1284,2461
2003,2384,2367,1401,2236
2228,2384,2428,1293,2011
2228,2159,2428,1293,2236
2228,2159,2203,1293,2461
2003,2159,2428,1293,2461
2228,2384,2475,1293,1964
2228,2159,2475,1293,2189
2003,2159,2475,1293,2414
2228,2159,2250,1293,2414
2228,2337,2475,1293,2011
2181,2384,2475,1293,2011
2181,2159,2475,1293,2236
2228,2112,2475,1293,2236
2228,2112,2250,1293,2461
2181,2159,2250,1293,2461
1956,2159,2475,1293,2461
2003,2112,2475,1293,2461
2228,2276,2475,1401,1964
2228,2051,2475,1401,2189
2228,2229,2475,1401,2011
2181,2276,2475,1401,2011
2228,2276,2428,1401,2011
2228,2004,2475,1401,2236
2228,2051,2428,1401,2236
2181,2051,2475,1401,2236
2003,2384,2475,1401,2128
2181,2051,2250,1401,2461
2003,2051,2475,1401,2461
2228,2051,2250,1401,2414
2228,2004,2250,1401,2461
2228,2051,2203,1401,2461
2003,2159,2475,1401,2353
2003,2159,2475,1509,2198
2003,2159,2367,1509,2306
2003,2051,2475,1509,2306
1956,2159,2475,1509,2245
2003,2159,2428,1509,2245
2003,2112,2475,1509,2245
2003,2051,2428,1509,2353
1956,2159,2367,1509,2353
1956,2051,2475,1509,2353
2003,2112,2367,1509,2353
2003,2004,2475,1509,2353
1895,2159,2428,1401,2461
1848,2159,2475,1401,2461
1895,2159,2475,1401,2414
1895,2112,2475,1401,2461
2003,2159,2367,1401,2461
1956,2159,2259,1509,2461
1848,2159,2367,1509,2461
1848,2159,2475,1509,2353
1956,2051,2367,1509,2461
1848,2051,2475,1509,2461
1895,2159,2475,1509,2306
2003,2159,2259,1509,2414
2003,2051,2367,1509,2414
1895,2159,2367,1509,2414
1895,2051,2475,1509,2414
2003,2051,2320,1509,2461
1895,2159,2428,1509,2353
1895,2051,2428,1509,2461
1895,2112,2367,1509,2461
1895,2112,2475,1509,2353
1895,2004,2475,1509,2461
2003,2112,2259,1509,2461
2003,2004,2367,1509,2461
2228,2384,2475,1401,1903
2228,2159,2475,1401,2128
2228,2159,2250,1401,2353
2228,2384,2367,1401,2011
2120,2384,2475,1401,2011
2120,2159,2250,1401,2414
2120,2159,2203,1401,2461
2073,2159,2250,1401,2461
2120,2112,2250,1401,2461
2073,2159,2475,1401,2236
2120,2159,2475,1401,2189
2120,2159,2428,1401,2236
2120,2112,2475,1401,2236
2228,2159,2142,1401,2461
2228,2159,2367,1401,2236
2228,2384,2475,1509,1748
2228,2384,2428,1509,1795
2181,2384,2475,1509,1795
2228,2337,2475,1509,1795
2228,2276,2475,1509,1903
2120,2384,2475,1509,1856
2073,2384,2475,1509,1903
2120,2384,2428,1509,1903
2120,2337,2475,1509,1903
2228,2384,2367,1509,1903
2120,2276,2475,1509,1964
2228,2276,2367,1509,1964
2120,2276,2428,1509,2011
2120,2384,2367,1509,2011
2073,2276,2475,1509,2011
2120,2229,2475,1509,2011
2228,2384,2259,1509,2011
2181,2276,2367,1509,2011
2228,2229,2367,1509,2011
2228,2159,2259,1509,2189
2228,2051,2367,1509,2189
2228,2051,2142,1509,2414
2120,2159,2475,1509,2081
2228,2051,2475,1509,2081
2120,2159,2367,1509,2189
2120,2051,2475,1509,2189
2228,2051,2250,1509,2306
2120,2159,2250,1509,2306
2120,2159,2142,1509,2414
2120,2051,2250,1509,2414
2228,2159,2475,1509,2020
2181,2159,2250,1509,2245
2228,2159,2203,1509,2245
2228,2112,2250,1509,2245
2228,2051,2428,1509,2128
2181,2051,2475,1509,2128
2228,2004,2475,1509,2128
2228,2051,2203,1509,2353
2181,2051,2250,1509,2353
2228,2004,2250,1509,2353
2228,2159,2367,1509,2128
2181,2159,2259,1509,2236
2228,2112,2259,1509,2236
2228,2051,2320,1509,2236
2181,2051,2367,1509,2236
2228,2004,2367,1509,2236
2073,2159,2475,1509,2128
2120,2159,2428,1509,2128
2120,2112,2475,1509,2128
2120,2159,2320,1509,2236
2120,2051,2428,1509,2236
2073,2159,2367,1509,2236
2120,2112,2367,1509,2236
2073,2051,2475,1509,2236
2120,2004,2475,1509,2236
2228,2159,2142,1509,2353
2073,2159,2250,1509,2353
2120,2159,2203,1509,2353
2120,2112,2250,1509,2353
2181,2051,2142,1509,2461
2073,2159,2142,1509,2461
2073,2051,2250,1509,2461
2228,2051,2095,1509,2461
2228,2159,2034,1509,2461
2228,2004,2142,1509,2461
2120,2159,2095,1509,2461
2120,2112,2142,1509,2461
2120,2051,2203,1509,2461
2120,2004,2250,1509,2461
2228,2159,2095,1460,2402
2228,2051,2095,1568,2402
2169,2051,2095,1568,2461
2228,2051,2203,1568,2294
2169,2051,2203,1568,2353
2228,2159,2203,1352,2402
2228,2051,2203,1460,2402
2120,2159,2203,1460,2402
2120,2051,2203,1568,2402
2169,2159,2203,1352,2461
2061,2159,2203,1568,2353
2169,2051,2203,1460,2461
2228,2276,2428,1460,1952
2228,2384,2428,1352,1952
2169,2384,2428,1352,2011
2169,2276,2428,1460,2011
2228,2159,2428,1352,2177
2228,2051,2428,1460,2177
2169,2051,2428,1460,2236
2169,2159,2428,1352,2236
2120,2384,2428,1568,1844
2120,2384,2320,1568,1952
2061,2384,2428,1568,1903
2061,2384,2320,1568,2011
2120,2159,2428,1568,2069
2120,2159,2320,1568,2177
2169,2051,2428,1568,2128
2169,2051,2320,1568,2236
2228,2384,2428,1127,2177
2120,2384,2428,1235,2177
2169,2384,2428,1127,2236
2169,2276,2428,1235,2236
2228,2384,2428,1343,1961
2061,2384,2428,1343,2128
2120,2276,2428,1343,2177
2003,2276,2428,1343,2294
2003,2051,2428,1568,2294
2228,2051,2428,1235,2402
2003,2276,2428,1235,2402
2003,2051,2428,1460,2402
1778,2276,2428,1460,2402
2003,2051,2320,1568,2402
1895,2051,2428,1568,2402
1778,2276,2320,1568,2402
1670,2276,2428,1568,2402
2169,2051,2428,1343,2353
1944,2276,2428,1343,2353
1944,2051,2428,1568,2353
1719,2276,2428,1568,2353
2169,2051,2428,1235,2461
1944,2276,2428,1235,2461
2169,2051,2320,1343,2461
1944,2276,2320,1343,2461
1944,2051,2428,1460,2461
1719,2276,2428,1460,2461
1944,2051,2320,1568,2461
1836,2051,2428,1568,2461
1719,2276,2320,1568,2461
1944,2159,2428,1460,2353
2228,2159,2428,1343,2186
2003,2159,2428,1568,2186
1895,2159,2428,1568,2294
1944,2159,2428,1568,2245
1719,2384,2320,1568,2353
2228,2159,2428,1127,2402
2003,2384,2428,1127,2402
2169,2159,2428,1127,2461
1944,2384,2428,1127,2461
2003,2159,2428,1352,2402
1778,2384,2428,1352,2402
1944,2159,2428,1352,2461
1719,2384,2428,1352,2461
2003,2159,2320,1460,2402
1944,2159,2320,1460,2461
1719,2384,2320,1460,2461
1836,2384,2428,1235,2461
1895,2159,2428,1460,2402
1670,2384,2428,1460,2402
1836,2159,2428,1460,2461
2120,2159,2320,1343,2402
1895,2159,2320,1568,2402
1836,2159,2320,1568,2461
2228,2384,2475,1343,1914
2228,2337,2475,1343,1961
2181,2384,2475,1343,1961
2169,2384,2475,1343,2020
2120,2384,2475,1343,2069
2061,2337,2475,1343,2128
2061,2384,2475,1343,2081
2169,2384,2367,1343,2128
2014,2384,2475,1343,2128
1944,2384,2475,1235,2353
2228,2159,2475,1343,2139
2228,2112,2475,1343,2186
2181,2159,2475,1343,2186
2169,2159,2475,1343,2245
2120,2159,2475,1343,2294
2061,2159,2475,1343,2353
2169,2159,2367,1343,2353
2003,2384,2475,1343,2186
2003,2384,2367,1343,2294
1895,2384,2475,1343,2294
1944,2384,2475,1343,2245
1944,2384,2367,1343,2353
2120,2337,2475,1568,1844
2120,2384,2475,1568,1797
2228,2384,2475,1568,1736
2228,2384,2367,1568,1844
2073,2384,2475,1568,1844
2061,2337,2475,1568,1903
2169,2384,2475,1568,1795
2061,2384,2475,1568,1856
2169,2384,2475,1460,1903
2014,2384,2475,1568,1903
2169,2384,2367,1568,1903
2003,2384,2475,1568,1961
2003,2384,2475,1460,2069
2003,2384,2367,1568,2069
1944,2384,2475,1568,2020
1944,2384,2475,1460,2128
1944,2384,2367,1568,2128
1836,2384,2475,1568,2128
2003,2159,2475,1460,2294
1778,2384,2475,1460,2294
2003,2112,2475,1568,2186
1895,2112,2475,1568,2294
2003,2159,2475,1568,2139
1956,2159,2475,1568,2186
1778,2384,2475,1568,2186
1895,2159,2475,1568,2247
1848,2159,2475,1568,2294
1778,2384,2367,1568,2294
1670,2384,2475,1568,2294
2120,2112,2475,1568,2069
2228,2159,2475,1568,1961
2120,2159,2475,1568,2022
2228,2159,2367,1568,2069
2073,2159,2475,1568,2069
2228,2159,2250,1568,2186
2120,2159,2250,1568,2294
2228,2159,2142,1568,2294
1895,2384,2475,1568,2069
2169,2159,2475,1568,2020
1944,2159,2475,1568,2198
1944,2112,2475,1568,2245
1897,2159,2475,1568,2245
2169,2159,2250,1568,2245
1719,2384,2475,1568,2245
1944,2159,2475,1460,2306
2061,2159,2250,1568,2306
1719,2384,2367,1568,2306
2169,2159,2475,1460,2128
2169,2159,2367,1568,2128
2061,2159,2475,1568,2128
1944,2112,2475,1460,2353
2061,2112,2250,1568,2353
1719,2337,2367,1568,2353
2169,2159,2250,1460,2353
1897,2159,2475,1460,2353
2169,2159,2142,1568,2353
2014,2159,2250,1568,2353
1672,2384,2367,1568,2353
2120,2384,2142,1568,2177
2122,2384,2475,1127,2236
2181,2384,2475,1127,2177
2228,2337,2475,1127,2177
2228,2384,2475,1127,2130
2169,2384,2475,1127,2189
2169,2337,2475,1127,2236
2228,2384,2475,1352,1905
2228,2337,2475,1352,1952
2181,2384,2475,1352,1952
2169,2384,2475,1352,1964
2169,2337,2475,1352,2011
2122,2384,2475,1352,2011
1944,2384,2475,1352,2236
2073,2384,2475,1235,2177
2169,2384,2475,1235,2128
2061,2384,2475,1235,2236
2169,2384,2367,1235,2236
2120,2337,2475,1235,2177
2120,2384,2475,1235,2130
2228,2384,2475,1235,2069
2061,2384,2475,1460,2011
2120,2384,2475,1460,1952
1895,2384,2475,1460,2177
1836,2384,2475,1460,2236
1944,2384,2367,1460,2236
2169,2384,2367,1460,2011
2228,2384,2475,1460,1844
2228,2384,2367,1460,1952
2003,2384,2367,1460,2177
2169,2276,2475,1235,2189
2122,2276,2475,1235,2236
2169,2229,2475,1235,2236
2228,2276,2475,1235,2177
2228,2384,2367,1235,2177
2169,2276,2475,1460,1964
2228,2276,2475,1460,1905
1944,2276,2475,1460,2236
2122,2276,2475,1460,2011
2169,2229,2475,1460,2011
2228,2229,2475,1460,1952
2003,2276,2475,1460,2177
2181,2276,2475,1460,1952
2228,2276,2475,1343,2069
2228,2384,2367,1343,2069
2169,2276,2475,1343,2128
2120,2276,2475,1343,2130
2228,2276,2367,1343,2130
2228,2384,2259,1343,2130
2061,2276,2475,1343,2236
2073,2276,2475,1343,2177
2120,2229,2475,1343,2177
2228,2229,2367,1343,2177
2169,2276,2367,1343,2236
2181,2276,2367,1343,2177
2228,2337,2259,1343,2177
2120,2384,2367,1343,2177
2181,2384,2259,1343,2177
2061,2384,2367,1343,2236
2169,2384,2259,1343,2236
2169,2276,2475,1568,1903
2061,2276,2475,1568,2011
1789,2384,2367,1568,2236
1836,2384,2367,1568,2189
1836,2337,2367,1568,2236
2014,2384,2367,1568,2011
2061,2337,2367,1568,2011
2061,2384,2367,1568,1964
1897,2276,2367,1568,2236
1944,2229,2367,1568,2236
1944,2276,2367,1568,2189
1944,2384,2259,1568,2236
2169,2276,2367,1568,2011
2169,2384,2259,1568,2011
2003,2276,2475,1568,2069
2003,2276,2367,1568,2177
1895,2384,2367,1568,2177
2003,2384,2259,1568,2177
2120,2276,2475,1568,1952
2073,2384,2367,1568,1952
2120,2337,2367,1568,1952
2120,2384,2367,1568,1905
2228,2276,2475,1568,1844
2228,2276,2367,1568,1952
2228,2384,2259,1568,1952
1897,2276,2475,1235,2461
1944,2229,2475,1235,2461
1944,2276,2475,1235,2414
2122,2051,2475,1235,2461
2169,2051,2475,1235,2414
2169,2004,2475,1235,2461
1956,2276,2475,1235,2402
2181,2051,2475,1235,2402
2003,2276,2475,1235,2355
2003,2229,2475,1235,2402
2228,2004,2475,1235,2402
2228,2051,2475,1235,2355
1672,2276,2475,1460,2461
1897,2051,2475,1460,2461
1719,2229,2475,1460,2461
1719,2276,2475,1460,2414
1944,2004,2475,1460,2461
1944,2051,2475,1460,2414
1731,2276,2475,1460,2402
1956,2051,2475,1460,2402
1778,2229,2475,1460,2402
1778,2276,2475,1460,2355
2003,2004,2475,1460,2402
2003,2051,2475,1460,2355
2122,2051,2475,1460,2236
2122,2051,2250,1460,2461
2181,2051,2475,1460,2177
2181,2051,2250,1460,2402
2169,2051,2475,1460,2189
2169,2051,2250,1460,2414
2228,2051,2475,1460,2130
2228,2051,2250,1460,2355
2228,2004,2475,1460,2177
2169,2004,2475,1460,2236
2228,2004,2250,1460,2402
2169,2004,2250,1460,2461
2003,2384,2475,1127,2355
1778,2384,2475,1352,2355
1944,2384,2475,1127,2414
1719,2384,2475,1352,2414
1719,2384,2367,1460,2414
2228,2159,2475,1352,2130
2169,2159,2475,1352,2189
2228,2159,2475,1127,2355
2169,2159,2475,1127,2414
2003,2159,2475,1352,2355
2228,2159,2250,1352,2355
2003,2159,2367,1460,2355
2228,2159,2142,1460,2355
1944,2159,2475,1352,2414
2169,2159,2250,1352,2414
1944,2159,2367,1460,2414
2169,2159,2142,1460,2414
2181,2159,2475,1352,2177
2003,2384,2475,1352,2177
2228,2112,2475,1352,2177
2122,2159,2475,1352,2236
2169,2112,2475,1352,2236
1956,2384,2475,1127,2402
2181,2159,2475,1127,2402
2003,2337,2475,1127,2402
2228,2112,2475,1127,2402
1731,2384,2475,1352,2402
1956,2159,2475,1352,2402
2181,2159,2250,1352,2402
1778,2337,2475,1352,2402
2003,2112,2475,1352,2402
2228,2112,2250,1352,2402
1897,2384,2475,1127,2461
1944,2337,2475,1127,2461
2122,2159,2475,1127,2461
2169,2112,2475,1127,2461
1672,2384,2475,1352,2461
1897,2159,2475,1352,2461
2122,2159,2250,1352,2461
1719,2337,2475,1352,2461
1944,2112,2475,1352,2461
2169,2112,2250,1352,2461
1956,2159,2367,1460,2402
2003,2112,2367,1460,2402
2181,2159,2142,1460,2402
2228,2112,2142,1460,2402
1672,2384,2367,1460,2461
1897,2159,2367,1460,2461
1719,2337,2367,1460,2461
1944,2112,2367,1460,2461
2122,2159,2142,1460,2461
2169,2112,2142,1460,2461
2228,2159,2475,1460,2069
2120,2159,2475,1460,2177
2228,2159,2367,1460,2177
2061,2159,2475,1460,2236
2169,2159,2367,1460,2236
2228,2159,2475,1235,2294
2228,2159,2250,1460,2294
2169,2159,2475,1235,2353
2003,2384,2475,1235,2294
1719,2384,2475,1460,2353
1895,2384,2475,1235,2402
2003,2384,2367,1235,2402
1836,2337,2475,1235,2461
1789,2384,2475,1235,2461
1836,2384,2475,1235,2414
1944,2384,2367,1235,2461
2169,2159,2367,1235,2461
2120,2159,2475,1235,2402
2228,2159,2367,1235,2402
1670,2384,2475,1460,2355
1836,2159,2475,1460,2414
1895,2159,2475,1460,2355
2120,2159,2250,1460,2355
1623,2384,2475,1460,2402
1670,2337,2475,1460,2402
1778,2384,2367,1460,2402
1789,2159,2475,1460,2461
1836,2112,2475,1460,2461
1848,2159,2475,1460,2402
1895,2112,2475,1460,2402
2073,2159,2250,1460,2402
2120,2112,2250,1460,2402
1789,2051,2475,1568,2461
1789,2159,2367,1568,2461
2014,2159,2367,1568,2236
2014,2159,2367,1343,2461
1836,2276,2475,1343,2461
1836,2384,2367,1343,2461
1611,2276,2475,1568,2461
1611,2384,2367,1568,2461
1836,2276,2475,1568,2236
1836,2384,2142,1568,2461
1836,2051,2475,1568,2414
1836,2004,2475,1568,2461
1836,2159,2367,1568,2414
1836,2112,2367,1568,2461
2061,2159,2367,1568,2189
2061,2159,2367,1343,2414
2061,2112,2367,1568,2236
2061,2112,2367,1343,2461
2061,2051,2250,1568,2461
2061,2159,2142,1568,2461
1672,2276,2475,1568,2353
1672,2276,2367,1568,2461
1897,2051,2475,1568,2353
1897,2051,2367,1568,2461
1897,2276,2475,1343,2353
1897,2276,2367,1343,2461
2122,2051,2475,1568,2128
2122,2051,2367,1568,2236
2122,2051,2250,1568,2353
2122,2051,2475,1343,2353
2122,2051,2367,1343,2461
2122,2051,2142,1568,2461
1897,2159,2259,1568,2461
2122,2159,2259,1568,2236
2122,2159,2259,1343,2461
1719,2276,2475,1568,2306
1719,2229,2475,1568,2353
1944,2276,2475,1568,2128
1944,2276,2475,1343,2306
1944,2229,2475,1343,2353
1719,2276,2367,1568,2414
1719,2384,2259,1568,2461
1719,2229,2367,1568,2461
1944,2384,2259,1343,2461
1944,2384,2034,1568,2461
1944,2276,2367,1343,2414
1944,2229,2367,1343,2461
1944,2159,2259,1568,2414
1944,2051,2367,1568,2414
1944,2112,2259,1568,2461
1944,2004,2367,1568,2461
1944,2159,2367,1568,2353
1944,2051,2475,1568,2306
1944,2004,2475,1568,2353
2169,2159,2259,1568,2189
2169,2051,2475,1568,2081
2169,2051,2367,1568,2189
2169,2051,2475,1343,2306
2169,2159,2259,1343,2414
2169,2051,2367,1343,2414
2169,2051,2142,1568,2414
2169,2051,2250,1568,2306
2169,2112,2259,1568,2236
2169,2159,2034,1568,2461
2169,2112,2259,1343,2461
2169,2004,2367,1568,2236
2169,2004,2142,1568,2461
2169,2004,2367,1343,2461
2169,2004,2475,1568,2128
2169,2004,2475,1343,2353
2169,2004,2250,1568,2353
2073,2159,2367,1568,2177
2181,2159,2259,1568,2177
1848,2384,2367,1343,2402
1848,2159,2367,1568,2402
2073,2159,2367,1343,2402
1623,2276,2475,1568,2402
1848,2051,2475,1568,2402
2073,2051,2250,1568,2402
2181,2051,2142,1568,2402
2181,2051,2250,1568,2294
2181,2159,2259,1343,2402
1731,2276,2367,1568,2402
1956,2276,2367,1343,2402
1956,2276,2475,1343,2294
1956,2051,2367,1568,2402
1956,2051,2475,1568,2294
1670,2384,2367,1568,2402
1670,2229,2475,1568,2402
1670,2276,2475,1568,2355
1895,2112,2367,1568,2402
1895,2159,2367,1568,2355
1895,2004,2475,1568,2402
1895,2051,2475,1568,2355
1895,2384,2367,1343,2355
1895,2337,2367,1343,2402
1895,2276,2475,1568,2177
1895,2276,2475,1343,2402
2120,2159,2142,1568,2402
2120,2051,2250,1568,2355
2120,2004,2250,1568,2402
2120,2159,2367,1568,2130
2120,2112,2367,1568,2177
2120,2112,2367,1343,2402
2120,2159,2367,1343,2355
2120,2051,2475,1343,2402
2120,2051,2475,1568,2177
1778,2384,2259,1568,2402
1778,2229,2367,1568,2402
1778,2276,2367,1568,2355
1778,2276,2475,1568,2294
2003,2159,2259,1568,2402
2003,2051,2367,1568,2355
2003,2004,2367,1568,2402
2003,2159,2367,1568,2294
2003,2051,2475,1568,2247
2003,2004,2475,1568,2294
2003,2384,2259,1343,2402
2003,2229,2367,1343,2402
2003,2276,2367,1343,2355
2003,2276,2475,1343,2247
2003,2229,2475,1343,2294
2228,2159,2034,1568,2402
2228,2159,2259,1568,2130
2228,2112,2259,1568,2177
2228,2159,2259,1343,2355
2228,2112,2259,1343,2402
2228,2051,2142,1568,2355
2228,2004,2142,1568,2402
2228,2051,2367,1568,2177
2228,2051,2367,1343,2402
2228,2051,2250,1568,2247
2228,2004,2250,1568,2294
2228,2159,2367,1343,2294
2228,2051,2475,1568,2069
2228,2051,2475,1343,2294
1611,2384,2536,1352,2461
1611,2276,2536,1460,2461
1611,2168,2536,1568,2461
1611,2276,2536,1568,2353
1611,2384,2536,1568,2245
1836,2168,2536,1343,2461
1836,2276,2536,1343,2353
1836,2384,2536,1127,2461
1836,2384,2536,1568,2020
1836,2159,2536,1352,2461
1836,2051,2536,1460,2461
1836,2159,2536,1460,2353
1836,1943,2536,1568,2461
2061,1943,2536,1343,2461
2061,2168,2536,1343,2236
2061,1943,2311,1568,2461
2061,1943,2536,1568,2236
2061,2168,2536,1568,2011
2061,2051,2311,1460,2461
2061,2276,2536,1235,2236
2061,2276,2536,1460,2011
2061,2276,2536,1343,2128
2061,2276,2536,1568,1903
2061,2159,2536,1127,2461
2061,2384,2536,1127,2236
2061,2384,2536,1235,2128
2061,2384,2536,1343,2020
2061,2159,2311,1352,2461
2061,2159,2536,1352,2236
2061,2159,2536,1568,2020
2061,2384,2536,1352,2011
2061,2384,2536,1460,1903
2061,2384,2536,1568,1795
1836,2159,2475,1568,2353
1611,2384,2475,1460,2461
1611,2384,2475,1568,2353
1836,1896,2583,1568,2461
1789,1943,2583,1568,2461
1836,1943,2583,1568,2414
1611,2121,2583,1568,2461
1564,2168,2583,1568,2461
1611,2168,2583,1568,2414
1836,2004,2583,1460,2461
1611,2229,2583,1460,2461
1611,2229,2583,1568,2353
1564,2276,2583,1460,2461
1789,2051,2583,1460,2461
1564,2276,2583,1568,2353
1836,2051,2583,1460,2414
1611,2276,2583,1460,2414
1611,2276,2583,1568,2306
1836,2276,2583,1568,2128
1611,2337,2583,1352,2461
1611,2337,2583,1568,2245
1836,2112,2583,1352,2461
1836,2112,2583,1460,2353
1836,2337,2583,1568,2020
1564,2384,2583,1352,2461
1564,2384,2583,1568,2245
1789,2159,2583,1352,2461
1789,2159,2583,1460,2353
1789,2384,2583,1568,2020
1611,2384,2583,1352,2414
1611,2384,2583,1460,2353
1611,2384,2583,1568,2198
1836,2051,2583,1568,2353
1836,2159,2583,1352,2414
1836,2159,2583,1460,2306
1836,2159,2583,1568,2245
1836,2384,2583,1352,2236
1836,2384,2583,1568,1973
1789,2384,2583,1127,2461
1836,2337,2583,1127,2461
1836,2384,2583,1127,2414
1836,2384,2358,1352,2461
1836,2384,2583,1235,2353
1836,2276,2583,1460,2236
1836,2384,2583,1460,2128
1836,2276,2583,1235,2461
1789,2168,2583,1343,2461
1789,2276,2583,1343,2353
1836,2121,2583,1343,2461
1836,2229,2583,1343,2353
1836,2168,2583,1343,2414
1836,2276,2583,1343,2306
1836,2384,2475,1343,2353
1836,2384,2583,1343,2245
1836,2168,2583,1568,2236
1836,2384,2358,1568,2245
2061,2004,2358,1460,2461
2014,2051,2358,1460,2461
2061,2051,2358,1460,2414
2014,1943,2358,1568,2461
2061,1896,2358,1568,2461
2061,1943,2358,1568,2414
2014,2159,2358,1352,2461
2061,2112,2358,1352,2461
2061,2159,2358,1352,2414
2061,2159,2250,1460,2461
2061,2159,2358,1460,2353
2061,2051,2358,1568,2353
2061,2159,2358,1568,2245
2061,2051,2475,1343,2461
2061,2051,2475,1568,2236
2014,1943,2583,1343,2461
2014,1943,2583,1568,2236
2061,1896,2583,1343,2461
2061,1943,2583,1343,2414
2061,1896,2583,1568,2236
2061,1943,2583,1568,2189
2061,2159,2475,1235,2461
2061,2051,2583,1235,2461
2061,2051,2583,1460,2236
2014,2159,2583,1127,2461
2061,2112,2583,1127,2461
2061,2159,2583,1127,2414
2061,2112,2583,1352,2236
2014,2159,2583,1352,2236
2061,2159,2583,1352,2189
2061,2159,2583,1460,2128
2061,2051,2583,1343,2353
2061,2051,2583,1568,2128
2061,2159,2583,1235,2353
2014,2159,2583,1568,2020
2061,2159,2583,1343,2245
2061,2112,2583,1568,2020
2061,2159,2583,1568,1973
2061,2337,2583,1127,2236
2061,2337,2583,1352,2011
2061,2229,2583,1235,2236
2061,2229,2583,1460,2011
2061,2337,2583,1235,2128
2061,2337,2583,1460,1903
2014,2276,2583,1235,2236
2014,2384,2583,1127,2236
2014,2384,2583,1235,2128
2014,2384,2583,1352,2011
